1608115505017
1608115505051
1608115505084
1608115505117
1608115505150
1608115505184
1608115505217
1608115505250
1608115505284
1608115505317
1608115505351
1608115505384
1608115505418
1608115505451
1608115505485
1608115505518
1608115505552
1608115505585
1608115505619
1608115505652
1608115505686
1608115505719
1608115505753
1608115505786
1608115505820
1608115505854
1608115505887
1608115505921
1608115505954
1608115505988
1608115506022
1608115506055
1608115506089
1608115506122
1608115506156
1608115506190
1608115506223
1608115506257
1608115506291
1608115506324
1608115506358
1608115506391
1608115506424
1608115506458
1608115506491
1608115506525
1608115506558
1608115506592
1608115506625
1608115506659
1608115506692
1608115506726
1608115506760
1608115506793
1608115506827
1608115506860
1608115506894
1608115506927
1608115506961
1608115506994
1608115507028
1608115507062
1608115507095
1608115507129
1608115507162
1608115507196
1608115507230
1608115507263
1608115507297
1608115507330
1608115507363
1608115507397
1608115507430
1608115507464
1608115507497
1608115507531
1608115507564
1608115507598
1608115507631
1608115507665
1608115507698
1608115507732
1608115507765
1608115507799
1608115507832
1608115507866
1608115507899
1608115507933
1608115507966
1608115508000
1608115508033
1608115508067
1608115508100
1608115508134
1608115508167
1608115508201
1608115508235
1608115508268
1608115508301
1608115508335
1608115508368
1608115508402
1608115508435
1608115508469
1608115508502
1608115508536
1608115508569
1608115508603
1608115508636
1608115508670
1608115508703
1608115508737
1608115508770
1608115508804
1608115508837
1608115508871
1608115508904
1608115508938
1608115508971
1608115509005
1608115509038
1608115509072
1608115509105
1608115509139
1608115509172
1608115509206
1608115509239
1608115509273
1608115509306
1608115509339
1608115509373
1608115509406
1608115509440
1608115509473
1608115509507
1608115509540
1608115509574
1608115509607
1608115509641
1608115509674
1608115509708
1608115509741
1608115509775
1608115509808
1608115509841
1608115509875
1608115509908
1608115509942
1608115509975
1608115510009
1608115510042
1608115510076
1608115510109
1608115510143
1608115510176
1608115510210
1608115510243
1608115510277
1608115510310
1608115510344
1608115510377
1608115510411
1608115510444
1608115510478
1608115510511
1608115510544
1608115510578
1608115510611
1608115510645
1608115510678
1608115510712
1608115510745
1608115510779
1608115510812
1608115510846
1608115510879
1608115510913
1608115510946
1608115510980
1608115511013
1608115511047
1608115511080
1608115511114
1608115511147
1608115511180
1608115511214
1608115511247
1608115511281
1608115511314
1608115511347
1608115511381
1608115511414
1608115511447
1608115511481
1608115511514
1608115511547
1608115511581
1608115511614
1608115511647
1608115511681
1608115511714
1608115511747
1608115511781
1608115511814
1608115511847
1608115511881
1608115511914
1608115511947
1608115511981
1608115512014
1608115512048
1608115512081
1608115512114
1608115512148
1608115512181
1608115512214
1608115512248
1608115512281
1608115512314
1608115512348
1608115512381
1608115512414
1608115512448
1608115512481
1608115512514
1608115512548
1608115512581
1608115512614
1608115512648
1608115512714
1608115512748
1608115512781
1608115512814
1608115512848
1608115512914
1608115512948
1608115512981
1608115513014
1608115513048
1608115513114
1608115513148
1608115513181
1608115513214
1608115513248
1608115513281
1608115513314
1608115513348
1608115513381
1608115513414
1608115513448
1608115513481
1608115513514
1608115513548
1608115513581
1608115513614
1608115513648
1608115513681
1608115513714
1608115513748
1608115513781
1608115513814
1608115513848
1608115513881
1608115513915
1608115513948
1608115513981
1608115514015
1608115514048
1608115514081
1608115514115
1608115514148
1608115514181
1608115514215
1608115514248
1608115514281
1608115514315
1608115514348
1608115514381
1608115514415
1608115514448
1608115514481
1608115514515
1608115514548
1608115514581
1608115514615
1608115514648
1608115514681
1608115514715
1608115514748
1608115514781
1608115514815
1608115514848
1608115514881
1608115514915
1608115514948
1608115514981
1608115515015
1608115515048
1608115515081
1608115515115
1608115515148
1608115515181
1608115515215
1608115515248
1608115515281
1608115515315
1608115515348
1608115515381
1608115515415
1608115515448
1608115515481
1608115515515
1608115515548
1608115515581
1608115515615
1608115515648
1608115515681
1608115515715
1608115515748
1608115515781
1608115515815
1608115515848
1608115515882
1608115515915
1608115515948
1608115515982
1608115516015
1608115516048
1608115516082
1608115516115
1608115516148
1608115516182
1608115516215
1608115516248
1608115516282
1608115516315
1608115516348
1608115516382
1608115516415
1608115516448
1608115516482
1608115516515
1608115516548
1608115516582
1608115516615
1608115516648
1608115516682
1608115516715
1608115516748
1608115516782
1608115516815
1608115516848
1608115516882
1608115516915
1608115516948
1608115516982
1608115517015
1608115517048
1608115517082
1608115517115
1608115517148
1608115517182
1608115517215
1608115517248
1608115517282
1608115517315
1608115517348
1608115517382
1608115517415
1608115517448
1608115517482
1608115517515
1608115517549
1608115517582
1608115517615
1608115517649
1608115517682
1608115517715
1608115517749
1608115517782
1608115517815
1608115517882
1608115517915
1608115517949
1608115517982
1608115518015
1608115518049
1608115518082
1608115518115
1608115518149
1608115518182
1608115518215
1608115518249
1608115518282
1608115518315
1608115518349
1608115518382
1608115518415
1608115518449
1608115518482
1608115518515
1608115518549
1608115518582
1608115518615
1608115518649
1608115518682
1608115518715
1608115518749
1608115518782
1608115518815
1608115518849
1608115518882
1608115518915
1608115518949
1608115518982
1608115519015
1608115519049
1608115519082
1608115519115
1608115519149
1608115519182
1608115519216
1608115519249
1608115519316
1608115519349
1608115519382
1608115519416
1608115519449
1608115519482
1608115519516
1608115519549
1608115519582
1608115519616
1608115519649
1608115519682
1608115519716
1608115519749
1608115519782
1608115519816
1608115519849
1608115519882
1608115519916
1608115519949
1608115519982
1608115520016
1608115520049
1608115520082
1608115520116
1608115520149
1608115520182
1608115520216
1608115520249
1608115520282
1608115520316
1608115520349
1608115520382
1608115520416
1608115520449
1608115520482
1608115520516
1608115520549
1608115520582
1608115520616
1608115520649
1608115520682
1608115520716
1608115520749
1608115520782
1608115520816
1608115520849
1608115520883
1608115520916
1608115520949
1608115520983
1608115521016
1608115521049
1608115521083
1608115521116
1608115521149
1608115521183
1608115521216
1608115521249
1608115521283
1608115521316
1608115521349
1608115521383
1608115521416
1608115521449
1608115521483
1608115521516
1608115521549
1608115521583
1608115521616
1608115521649
1608115521683
1608115521716
1608115521749
1608115521783
1608115521816
1608115521849
1608115521883
1608115521916
1608115521949
1608115521983
1608115522016
1608115522049
1608115522083
1608115522116
1608115522149
1608115522183
1608115522216
1608115522249
1608115522283
1608115522316
1608115522349
1608115522383
1608115522416
1608115522449
1608115522483
1608115522516
1608115522549
1608115522583
1608115522616
1608115522649
1608115522683
1608115522716
1608115522749
1608115522783
1608115522816
1608115522883
1608115522916
1608115522950
1608115522983
1608115523016
1608115523050
1608115523083
1608115523116
1608115523150
1608115523183
1608115523216
1608115523250
1608115523283
1608115523316
1608115523350
1608115523383
1608115523416
1608115523450
1608115523483
1608115523516
1608115523550
1608115523583
1608115523616
1608115523650
1608115523683
1608115523716
1608115523750
1608115523783
1608115523816
1608115523850
1608115523883
1608115523916
1608115523950
1608115523983
1608115524016
1608115524050
1608115524083
1608115524116
1608115524150
1608115524183
1608115524216
1608115524250
1608115524283
1608115524316
1608115524350
1608115524383
1608115524416
1608115524450
1608115524483
1608115524516
1608115524550
1608115524583
1608115524616
1608115524650
1608115524683
1608115524716
1608115524750
1608115524783
1608115524817
1608115524850
1608115524883
1608115524917
1608115524950
1608115524983
1608115525017
1608115525050
1608115525083
1608115525117
1608115525150
1608115525183
1608115525217
1608115525250
1608115525283
1608115525317
1608115525383
1608115525417
1608115525450
1608115525483
1608115525517
1608115525550
1608115525583
1608115525617
1608115525650
1608115525683
1608115525717
1608115525750
1608115525783
1608115525817
1608115525850
1608115525883
1608115525917
1608115525950
1608115525983
1608115526017
1608115526050
1608115526083
1608115526117
1608115526150
1608115526183
1608115526217
1608115526250
1608115526283
1608115526317
1608115526350
1608115526383
1608115526417
1608115526450
1608115526483
1608115526517
1608115526550
1608115526583
1608115526617
1608115526650
1608115526683
1608115526717
1608115526750
1608115526784
1608115526817
1608115526850
1608115526884
1608115526917
1608115526950
1608115526984
1608115527017
1608115527050
1608115527084
1608115527117
1608115527150
1608115527184
1608115527217
1608115527250
1608115527284
1608115527317
1608115527350
1608115527384
1608115527417
1608115527450
1608115527484
1608115527517
1608115527550
1608115527584
1608115527617
1608115527650
1608115527684
1608115527717
1608115527750
1608115527784
1608115527817
1608115527884
1608115527917
1608115527950
1608115527984
1608115528017
1608115528050
1608115528084
1608115528117
1608115528150
1608115528184
1608115528217
1608115528250
1608115528284
1608115528317
1608115528350
1608115528384
1608115528417
1608115528450
1608115528484
1608115528517
1608115528550
1608115528584
1608115528617
1608115528651
1608115528684
1608115528717
1608115528751
1608115528784
1608115528817
1608115528851
1608115528884
1608115528917
1608115528951
1608115528984
1608115529017
1608115529051
1608115529084
1608115529117
1608115529151
1608115529184
1608115529217
1608115529251
1608115529284
1608115529317
1608115529351
1608115529384
1608115529417
1608115529451
1608115529484
1608115529517
1608115529551
1608115529584
1608115529617
1608115529651
1608115529684
1608115529717
1608115529751
1608115529784
1608115529817
1608115529851
1608115529884
1608115529917
1608115529951
1608115529984
1608115530017
1608115530051
1608115530084
1608115530117
1608115530151
1608115530184
1608115530217
1608115530251
1608115530284
1608115530317
1608115530351
1608115530384
1608115530417
1608115530451
1608115530484
1608115530518
1608115530551
1608115530584
1608115530618
1608115530651
1608115530684
1608115530718
1608115530751
1608115530784
1608115530818
1608115530851
1608115530884
1608115530918
1608115530951
1608115530984
1608115531018
1608115531051
1608115531084
1608115531118
1608115531151
1608115531184
1608115531218
1608115531251
1608115531284
1608115531318
1608115531351
1608115531384
1608115531418
1608115531451
1608115531484
1608115531518
1608115531551
1608115531584
1608115531618
1608115531651
1608115531684
1608115531718
1608115531751
1608115531784
1608115531818
1608115531851
1608115531884
1608115531918
1608115531951
1608115531984
1608115532018
1608115532051
1608115532084
1608115532118
1608115532151
1608115532184
1608115532218
1608115532251
1608115532284
1608115532318
1608115532351
1608115532384
1608115532418
1608115532451
1608115532484
1608115532518
1608115532551
1608115532585
1608115532618
1608115532651
1608115532685
1608115532718
1608115532751
1608115532785
1608115532818
1608115532885
1608115532918
1608115532951
1608115532985
1608115533018
1608115533051
1608115533085
1608115533118
1608115533151
1608115533185
1608115533218
1608115533251
1608115533285
1608115533318
1608115533351
1608115533385
1608115533418
1608115533451
1608115533485
1608115533518
1608115533551
1608115533585
1608115533618
1608115533651
1608115533685
1608115533718
1608115533751
1608115533785
1608115533818
1608115533851
1608115533885
1608115533918
1608115533951
1608115533985
1608115534018
1608115534051
1608115534085
1608115534118
1608115534151
1608115534185
1608115534218
1608115534251
1608115534285
1608115534318
1608115534351
1608115534385
1608115534418
1608115534452
1608115534485
1608115534518
1608115534552
1608115534585
1608115534618
1608115534652
1608115534685
1608115534718
1608115534752
1608115534785
1608115534818
1608115534852
1608115534885
1608115534918
1608115534952
1608115534985
1608115535018
1608115535052
1608115535085
1608115535118
1608115535152
1608115535185
1608115535218
1608115535252
1608115535285
1608115535318
1608115535352
1608115535385
1608115535418
1608115535452
1608115535485
1608115535518
1608115535552
1608115535585
1608115535618
1608115535652
1608115535685
1608115535718
1608115535752
1608115535785
1608115535818
1608115535852
1608115535885
1608115535918
1608115535952
1608115535985
1608115536018
1608115536052
1608115536085
1608115536118
1608115536152
1608115536185
1608115536219
1608115536252
1608115536285
1608115536319
1608115536352
1608115536385
1608115536419
1608115536452
1608115536485
1608115536519
1608115536552
1608115536585
1608115536619
1608115536652
1608115536685
1608115536719
1608115536752
1608115536785
1608115536819
1608115536852
1608115536885
1608115536919
1608115536952
1608115536985
1608115537019
1608115537052
1608115537085
1608115537119
1608115537152
1608115537185
1608115537219
1608115537252
1608115537285
1608115537319
1608115537352
1608115537385
1608115537419
1608115537452
1608115537485
1608115537519
1608115537552
1608115537585
1608115537619
1608115537652
1608115537685
1608115537719
1608115537752
1608115537785
1608115537819
1608115537852
1608115537885
1608115537919
1608115537952
1608115537985
1608115538019
1608115538052
1608115538085
1608115538119
1608115538152
1608115538185
1608115538219
1608115538252
1608115538286
1608115538319
1608115538352
1608115538386
1608115538419
1608115538452
1608115538486
1608115538519
1608115538552
1608115538586
1608115538619
1608115538652
1608115538686
1608115538719
1608115538752
1608115538786
1608115538819
1608115538852
1608115538886
1608115538919
1608115538952
1608115538986
1608115539019
1608115539052
1608115539086
1608115539119
1608115539152
1608115539219
1608115539252
1608115539286
1608115539319
1608115539352
1608115539386
1608115539419
1608115539452
1608115539486
1608115539519
1608115539552
1608115539586
1608115539619
1608115539652
1608115539686
1608115539719
1608115539752
1608115539786
1608115539819
1608115539852
1608115539886
1608115539919
1608115539952
1608115539986
1608115540019
1608115540053
1608115540086
1608115540119
1608115540153
1608115540186
1608115540219
1608115540253
1608115540286
1608115540319
1608115540353
1608115540386
1608115540419
1608115540453
1608115540486
1608115540519
1608115540553
1608115540586
1608115540619
1608115540653
1608115540686
1608115540719
1608115540753
1608115540786
1608115540819
1608115540853
1608115540886
1608115540919
1608115540953
1608115540986
1608115541019
1608115541053
1608115541086
1608115541119
1608115541153
1608115541186
1608115541219
1608115541253
1608115541286
1608115541319
1608115541353
1608115541386
1608115541419
1608115541453
1608115541486
1608115541519
1608115541553
1608115541586
1608115541619
1608115541653
1608115541686
1608115541719
1608115541753
1608115541786
1608115541820
1608115541853
1608115541886
1608115541920
1608115541953
1608115541986
1608115542020
1608115542053
1608115542086
1608115542120
1608115542153
1608115542186
1608115542220
1608115542253
1608115542286
1608115542320
1608115542353
1608115542386
1608115542420
1608115542453
1608115542486
1608115542520
1608115542553
1608115542586
1608115542620
1608115542653
1608115542686
1608115542720
1608115542753
1608115542786
1608115542820
1608115542886
1608115542920
1608115542953
1608115542986
1608115543020
1608115543053
1608115543086
1608115543120
1608115543153
1608115543186
1608115543220
1608115543253
1608115543286
1608115543320
1608115543353
1608115543386
1608115543420
1608115543453
1608115543486
1608115543520
1608115543553
1608115543586
1608115543620
1608115543653
1608115543686
1608115543720
1608115543753
1608115543787
1608115543820
1608115543853
1608115543887
1608115543920
1608115543953
1608115543987
1608115544020
1608115544053
1608115544087
1608115544120
1608115544153
1608115544187
1608115544220
1608115544253
1608115544287
1608115544320
1608115544353
1608115544387
1608115544420
1608115544453
1608115544487
1608115544520
1608115544553
1608115544587
1608115544620
1608115544653
1608115544687
1608115544720
1608115544753
1608115544787
1608115544820
1608115544853
1608115544887
1608115544920
1608115544953
1608115544987
1608115545020
1608115545053
1608115545087
1608115545120
1608115545153
1608115545187
1608115545220
1608115545253
1608115545287
1608115545320
1608115545353
1608115545387
1608115545420
1608115545453
1608115545487
1608115545520
1608115545554
1608115545587
1608115545620
1608115545654
1608115545687
1608115545720
1608115545754
1608115545787
1608115545820
1608115545854
1608115545887
1608115545920
1608115545954
1608115545987
1608115546020
1608115546054
1608115546087
1608115546120
1608115546154
1608115546187
1608115546220
1608115546254
1608115546287
1608115546320
1608115546354
1608115546387
1608115546420
1608115546454
1608115546487
1608115546520
1608115546587
1608115546620
1608115546654
1608115546687
1608115546720
1608115546754
1608115546787
1608115546820
1608115546854
1608115546887
1608115546920
1608115546954
1608115546987
1608115547020
1608115547087
1608115547120
1608115547154
1608115547187
1608115547220
1608115547254
1608115547287
1608115547321
1608115547354
1608115547387
1608115547421
1608115547454
1608115547487
1608115547521
1608115547554
1608115547587
1608115547621
1608115547654
1608115547687
1608115547721
1608115547754
1608115547787
1608115547821
1608115547887
1608115547921
1608115547954
1608115547987
1608115548021
1608115548087
1608115548121
1608115548154
1608115548187
1608115548221
1608115548287
1608115548321
1608115548354
1608115548387
1608115548421
1608115548454
1608115548487
1608115548521
1608115548554
1608115548587
1608115548621
1608115548654
1608115548687
1608115548721
1608115548754
1608115548787
1608115548821
1608115548854
1608115548887
1608115548921
1608115548954
1608115548987
1608115549021
1608115549054
1608115549087
1608115549121
1608115549154
1608115549188
1608115549221
1608115549254
1608115549288
1608115549321
1608115549354
1608115549388
1608115549421
1608115549454
1608115549488
1608115549521
1608115549554
1608115549588
1608115549621
1608115549654
1608115549688
1608115549721
1608115549754
1608115549788
1608115549821
1608115549854
1608115549888
1608115549921
1608115549954
1608115549988
1608115550021
1608115550054
1608115550088
1608115550121
1608115550154
1608115550188
1608115550221
1608115550254
1608115550288
1608115550321
1608115550354
1608115550388
1608115550421
1608115550454
1608115550488
1608115550521
1608115550554
1608115550588
1608115550621
1608115550654
1608115550688
1608115550721
1608115550754
1608115550788
1608115550821
1608115550854
1608115550888
1608115550921
1608115550955
1608115550988
1608115551021
1608115551055
1608115551088
1608115551121
1608115551155
1608115551188
1608115551221
1608115551255
1608115551288
1608115551321
1608115551355
1608115551388
1608115551421
1608115551455
1608115551488
1608115551521
1608115551555
1608115551588
1608115551621
1608115551655
1608115551688
1608115551721
1608115551755
1608115551788
1608115551821
1608115551855
1608115551888
1608115551921
1608115551955
1608115551988
1608115552021
1608115552055
1608115552088
1608115552121
1608115552155
1608115552188
1608115552221
1608115552255
1608115552288
1608115552321
1608115552355
1608115552388
1608115552421
1608115552455
1608115552488
1608115552521
1608115552555
1608115552621
1608115552655
1608115552688
1608115552721
1608115552755
1608115552788
1608115552821
1608115552855
1608115552888
1608115552922
1608115552955
1608115552988
1608115553022
1608115553055
1608115553088
1608115553122
1608115553155
1608115553188
1608115553222
1608115553255
1608115553288
1608115553322
1608115553355
1608115553388
1608115553422
1608115553455
1608115553488
1608115553522
1608115553555
1608115553588
1608115553622
1608115553655
1608115553688
1608115553722
1608115553755
1608115553788
1608115553822
1608115553855
1608115553888
1608115553922
1608115553955
1608115553988
1608115554022
1608115554055
1608115554088
1608115554122
1608115554155
1608115554188
1608115554222
1608115554255
1608115554288
1608115554322
1608115554355
1608115554388
1608115554422
1608115554455
1608115554488
1608115554522
1608115554555
1608115554588
1608115554622
1608115554655
1608115554688
1608115554722
1608115554755
1608115554788
1608115554822
1608115554855
1608115554889
1608115554922
1608115554955
1608115554989
1608115555022
1608115555055
1608115555089
1608115555122
1608115555155
1608115555189
1608115555222
1608115555255
1608115555289
1608115555322
1608115555355
1608115555389
1608115555422
1608115555455
1608115555489
1608115555522
1608115555555
1608115555589
1608115555622
1608115555655
1608115555689
1608115555722
1608115555755
1608115555789
1608115555822
1608115555855
1608115555889
1608115555922
1608115555955
1608115555989
1608115556022
1608115556089
1608115556122
1608115556155
1608115556189
1608115556222
1608115556255
1608115556289
1608115556322
1608115556355
1608115556389
1608115556422
1608115556455
1608115556489
1608115556522
1608115556555
1608115556589
1608115556622
1608115556655
1608115556689
1608115556722
1608115556755
1608115556789
1608115556822
1608115556856
1608115556889
1608115556922
1608115556956
1608115556989
1608115557022
1608115557056
1608115557089
1608115557122
1608115557156
1608115557189
1608115557222
1608115557256
1608115557289
1608115557322
1608115557356
1608115557389
1608115557422
1608115557456
1608115557489
1608115557522
1608115557556
1608115557589
1608115557622
1608115557656
1608115557689
1608115557722
1608115557756
1608115557789
1608115557822
1608115557889
1608115557922
1608115557956
1608115557989
1608115558022
1608115558056
1608115558089
1608115558122
1608115558156
1608115558189
1608115558222
1608115558256
1608115558289
1608115558322
1608115558356
1608115558389
1608115558422
1608115558456
1608115558489
1608115558522
1608115558556
1608115558589
1608115558623
1608115558656
1608115558689
1608115558723
1608115558756
1608115558789
1608115558823
1608115558856
1608115558889
1608115558923
1608115558956
1608115558989
1608115559023
1608115559056
1608115559089
1608115559123
1608115559156
1608115559189
1608115559223
1608115559256
1608115559289
1608115559323
1608115559356
1608115559389
1608115559423
1608115559456
1608115559489
1608115559523
1608115559556
1608115559589
1608115559623
1608115559656
1608115559689
1608115559723
1608115559756
1608115559789
1608115559823
1608115559856
1608115559889
1608115559923
1608115559956
1608115559989
1608115560023
1608115560056
1608115560089
1608115560123
1608115560156
1608115560189
1608115560223
1608115560256
1608115560289
1608115560323
1608115560356
1608115560390
1608115560423
1608115560456
1608115560490
1608115560523
1608115560556
1608115560590
1608115560623
1608115560656
1608115560690
1608115560723
1608115560756
1608115560790
1608115560823
1608115560856
1608115560890
1608115560923
1608115560956
1608115560990
1608115561023
1608115561056
1608115561090
1608115561123
1608115561156
1608115561190
1608115561223
1608115561256
1608115561290
1608115561323
1608115561356
1608115561390
1608115561423
1608115561456
1608115561490
1608115561523
1608115561556
1608115561590
1608115561623
1608115561656
1608115561690
1608115561723
1608115561756
1608115561790
1608115561823
1608115561856
1608115561890
1608115561923
1608115561956
1608115561990
1608115562023
1608115562056
1608115562090
1608115562123
1608115562156
1608115562190
1608115562223
1608115562256
1608115562290
1608115562323
1608115562356
1608115562390
1608115562423
1608115562457
1608115562490
1608115562523
1608115562557
1608115562590
1608115562623
1608115562657
1608115562690
1608115562723
1608115562757
1608115562790
1608115562823
1608115562890
1608115562923
1608115562957
1608115562990
1608115563023
1608115563090
1608115563123
1608115563157
1608115563190
1608115563223
1608115563257
1608115563290
1608115563323
1608115563357
1608115563390
1608115563423
1608115563457
1608115563490
1608115563523
1608115563557
1608115563590
1608115563623
1608115563657
1608115563690
1608115563723
1608115563757
1608115563790
1608115563823
1608115563857
1608115563890
1608115563923
1608115563957
1608115563990
1608115564023
1608115564057
1608115564090
1608115564123
1608115564157
1608115564190
1608115564223
1608115564257
1608115564290
1608115564324
1608115564357
1608115564390
1608115564424
1608115564457
1608115564490
1608115564524
1608115564557
1608115564590
1608115564624
1608115564657
1608115564690
1608115564724
1608115564757
1608115564790
1608115564824
1608115564857
1608115564890
1608115564924
1608115564957
1608115564990
1608115565024
1608115565057
1608115565090
1608115565124
1608115565157
1608115565190
1608115565224
1608115565257
1608115565290
1608115565324
1608115565357
1608115565390
1608115565424
1608115565457
1608115565490
1608115565524
1608115565557
1608115565590
1608115565624
1608115565657
1608115565690
1608115565724
1608115565757
1608115565790
1608115565824
1608115565857
1608115565890
1608115565924
1608115565957
1608115565990
1608115566024
1608115566057
1608115566090
1608115566124
1608115566157
1608115566190
1608115566224
1608115566291
1608115566324
1608115566357
1608115566391
1608115566424
1608115566491
1608115566524
1608115566557
1608115566591
1608115566624
1608115566657
1608115566691
1608115566724
1608115566757
1608115566791
1608115566824
1608115566857
1608115566891
1608115566924
1608115566957
1608115566991
1608115567024
1608115567057
1608115567091
1608115567124
1608115567157
1608115567191
1608115567224
1608115567257
1608115567291
1608115567324
1608115567357
1608115567391
1608115567424
1608115567457
1608115567491
1608115567524
1608115567557
1608115567591
1608115567624
1608115567657
1608115567691
1608115567724
1608115567757
1608115567791
1608115567824
1608115567891
1608115567924
1608115567957
1608115567991
1608115568024
1608115568091
1608115568124
1608115568158
1608115568191
1608115568224
1608115568291
1608115568324
1608115568358
1608115568391
1608115568424
1608115568458
1608115568491
1608115568524
1608115568558
1608115568591
1608115568624
1608115568658
1608115568691
1608115568724
1608115568758
1608115568791
1608115568824
1608115568858
1608115568891
1608115568924
1608115568958
1608115568991
1608115569024
1608115569058
1608115569091
1608115569124
1608115569158
1608115569191
1608115569224
1608115569258
1608115569291
1608115569324
1608115569358
1608115569391
1608115569424
1608115569458
1608115569491
1608115569524
1608115569558
1608115569591
1608115569624
1608115569658
1608115569691
1608115569724
1608115569758
1608115569791
1608115569825
1608115569858
1608115569891
1608115569925
1608115569958
1608115569991
1608115570025
1608115570058
1608115570091
1608115570125
1608115570158
1608115570191
1608115570225
1608115570258
1608115570292
1608115570325
1608115570359
1608115570393
1608115570427
1608115570460
1608115570494
1608115570528
1608115570561
1608115570595
1608115570629
1608115570663
1608115570696
1608115570730
1608115570764
1608115570798
1608115570831
1608115570865
1608115570899
1608115570933
1608115570967
1608115571000
1608115571034
1608115571068
1608115571102
1608115571135
1608115571169
1608115571203
1608115571237
1608115571271
1608115571304
1608115571337
1608115571370
1608115571404
1608115571437
1608115571470
1608115571504
1608115571537
1608115571570
1608115571604
1608115571637
1608115571670
1608115571703
1608115571737
1608115571770
1608115571803
1608115571837
1608115571870
1608115571903
1608115571937
1608115571970
1608115572003
1608115572036
1608115572070
1608115572103
1608115572136
1608115572170
1608115572203
1608115572236
1608115572269
1608115572303
1608115572336
1608115572369
1608115572403
1608115572436
1608115572469
1608115572503
1608115572536
1608115572569
1608115572602
1608115572636
1608115572669
1608115572702
1608115572736
1608115572769
1608115572802
1608115572836
1608115572869
1608115572902
1608115572935
1608115572969
1608115573002
1608115573035
1608115573069
1608115573102
1608115573135
1608115573169
1608115573202
1608115573235
1608115573268
1608115573302
1608115573335
1608115573368
1608115573402
1608115573435
1608115573468
1608115573501
1608115573535
1608115573568
1608115573601
1608115573635
1608115573668
1608115573701
1608115573735
1608115573768
1608115573801
1608115573834
1608115573868
1608115573901
1608115573934
1608115573968
1608115574001
1608115574034
1608115574068
1608115574101
1608115574134
1608115574167
1608115574201
1608115574234
1608115574267
1608115574301
1608115574334
1608115574367
1608115574401
1608115574434
1608115574467
1608115574500
1608115574534
1608115574567
1608115574600
1608115574634
1608115574667
1608115574700
1608115574767
1608115574800
1608115574833
1608115574867
1608115574900
1608115574933
1608115574967
1608115575000
1608115575033
1608115575066
