1608115505005
1608115505038
1608115505071
1608115505104
1608115505137
1608115505170
1608115505203
1608115505236
1608115505269
1608115505335
1608115505368
1608115505401
1608115505434
1608115505467
1608115505500
1608115505533
1608115505566
1608115505599
1608115505632
1608115505665
1608115505697
1608115505730
1608115505763
1608115505796
1608115505829
1608115505863
1608115505896
1608115505929
1608115505963
1608115505996
1608115506030
1608115506063
1608115506097
1608115506130
1608115506163
1608115506197
1608115506230
1608115506264
1608115506297
1608115506331
1608115506364
1608115506398
1608115506431
1608115506465
1608115506499
1608115506566
1608115506599
1608115506633
1608115506666
1608115506700
1608115506734
1608115506767
1608115506801
1608115506834
1608115506868
1608115506902
1608115506936
1608115506970
1608115507004
1608115507038
1608115507072
1608115507106
1608115507140
1608115507174
1608115507209
1608115507243
1608115507277
1608115507311
1608115507345
1608115507380
1608115507414
1608115507448
1608115507482
1608115507517
1608115507551
1608115507585
1608115507620
1608115507654
1608115507688
1608115507723
1608115507757
1608115507826
1608115507860
1608115507895
1608115507927
1608115507961
1608115507994
1608115508027
1608115508060
1608115508094
1608115508127
1608115508160
1608115508193
1608115508227
1608115508260
1608115508293
1608115508327
1608115508360
1608115508393
1608115508426
1608115508460
1608115508493
1608115508526
1608115508559
1608115508593
1608115508626
1608115508659
1608115508693
1608115508726
1608115508759
1608115508792
1608115508826
1608115508859
1608115508892
1608115508926
1608115508959
1608115508992
1608115509059
1608115509092
1608115509125
1608115509159
1608115509192
1608115509225
1608115509259
1608115509292
1608115509325
1608115509358
1608115509392
1608115509425
1608115509458
1608115509492
1608115509525
1608115509558
1608115509592
1608115509625
1608115509658
1608115509692
1608115509725
1608115509758
1608115509792
1608115509825
1608115509858
1608115509892
1608115509925
1608115509958
1608115509992
1608115510025
1608115510058
1608115510092
1608115510125
1608115510158
1608115510192
1608115510225
1608115510258
1608115510325
1608115510358
1608115510392
1608115510425
1608115510458
1608115510492
1608115510525
1608115510558
1608115510592
1608115510625
1608115510658
1608115510692
1608115510725
1608115510759
1608115510792
1608115510825
1608115510859
1608115510892
1608115510925
1608115510958
1608115510992
1608115511025
1608115511058
1608115511091
1608115511125
1608115511158
1608115511191
1608115511224
1608115511258
1608115511291
1608115511324
1608115511357
1608115511391
1608115511424
1608115511457
1608115511490
1608115511557
1608115511590
1608115511623
1608115511656
1608115511690
1608115511723
1608115511756
1608115511789
1608115511822
1608115511856
1608115511889
1608115511921
1608115511954
1608115511987
1608115512020
1608115512054
1608115512087
1608115512120
1608115512154
1608115512187
1608115512220
1608115512254
1608115512287
1608115512320
1608115512354
1608115512387
1608115512420
1608115512453
1608115512487
1608115512520
1608115512553
1608115512587
1608115512620
1608115512653
1608115512687
1608115512720
1608115512787
1608115512820
1608115512853
1608115512887
1608115512920
1608115512953
1608115512986
1608115513020
1608115513053
1608115513086
1608115513120
1608115513153
1608115513186
1608115513219
1608115513253
1608115513286
1608115513319
1608115513353
1608115513386
1608115513419
1608115513452
1608115513486
1608115513519
1608115513552
1608115513585
1608115513619
1608115513652
1608115513685
1608115513718
1608115513752
1608115513785
1608115513818
1608115513852
1608115513885
1608115513917
1608115513951
1608115513984
1608115514051
1608115514084
1608115514117
1608115514150
1608115514184
1608115514217
1608115514250
1608115514284
1608115514317
1608115514350
1608115514384
1608115514417
1608115514450
1608115514484
1608115514517
1608115514550
1608115514583
1608115514617
1608115514650
1608115514683
1608115514717
1608115514750
1608115514783
1608115514817
1608115514850
1608115514883
1608115514916
1608115514949
1608115514983
1608115515016
1608115515049
1608115515083
1608115515116
1608115515149
1608115515182
1608115515216
1608115515282
1608115515316
1608115515349
1608115515382
1608115515416
1608115515449
1608115515482
1608115515515
1608115515549
1608115515582
1608115515615
1608115515649
1608115515682
1608115515715
1608115515749
1608115515782
1608115515815
1608115515848
1608115515882
1608115515915
1608115515948
1608115515982
1608115516015
1608115516048
1608115516081
1608115516115
1608115516148
1608115516181
1608115516215
1608115516248
1608115516281
1608115516314
1608115516348
1608115516381
1608115516414
1608115516448
1608115516514
1608115516547
1608115516581
1608115516614
1608115516647
1608115516681
1608115516714
1608115516747
1608115516780
1608115516814
1608115516847
1608115516880
1608115516918
1608115516951
1608115516985
1608115517018
1608115517051
1608115517085
1608115517118
1608115517151
1608115517185
1608115517218
1608115517251
1608115517285
1608115517318
1608115517351
1608115517384
1608115517418
1608115517451
1608115517484
1608115517518
1608115517551
1608115517584
1608115517618
1608115517651
1608115517684
1608115517718
1608115517784
1608115517818
1608115517851
1608115517884
1608115517918
1608115517951
1608115517984
1608115518018
1608115518051
1608115518084
1608115518118
1608115518151
1608115518184
1608115518218
1608115518251
1608115518284
1608115518317
1608115518351
1608115518384
1608115518417
1608115518451
1608115518484
1608115518517
1608115518551
1608115518584
1608115518617
1608115518651
1608115518684
1608115518717
1608115518751
1608115518784
1608115518817
1608115518851
1608115518884
1608115518917
1608115518950
1608115519017
1608115519050
1608115519083
1608115519116
1608115519150
1608115519183
1608115519216
1608115519250
1608115519283
1608115519316
1608115519350
1608115519383
1608115519416
1608115519450
1608115519483
1608115519516
1608115519550
1608115519583
1608115519616
1608115519650
1608115519683
1608115519716
1608115519750
1608115519783
1608115519816
1608115519849
1608115519883
1608115519916
1608115519949
1608115519983
1608115520016
1608115520049
1608115520083
1608115520116
1608115520149
1608115520183
1608115520249
1608115520282
1608115520316
1608115520349
1608115520382
1608115520416
1608115520449
1608115520482
1608115520515
1608115520549
1608115520582
1608115520615
1608115520649
1608115520682
1608115520715
1608115520749
1608115520782
1608115520815
1608115520848
1608115520882
1608115520915
1608115520948
1608115520981
1608115521015
1608115521048
1608115521081
1608115521115
1608115521148
1608115521181
1608115521215
1608115521248
1608115521281
1608115521314
1608115521348
1608115521381
1608115521414
1608115521481
1608115521514
1608115521548
1608115521581
1608115521614
1608115521647
1608115521681
1608115521714
1608115521747
1608115521781
1608115521814
1608115521847
1608115521881
1608115521914
1608115521947
1608115521981
1608115522014
1608115522047
1608115522080
1608115522114
1608115522147
1608115522180
1608115522214
1608115522247
1608115522280
1608115522314
1608115522347
1608115522380
1608115522413
1608115522447
1608115522480
1608115522513
1608115522547
1608115522580
1608115522613
1608115522647
1608115522680
1608115522746
1608115522780
1608115522813
1608115522846
1608115522880
1608115522918
1608115522951
1608115522985
1608115523018
1608115523052
1608115523086
1608115523119
1608115523153
1608115523186
1608115523219
1608115523253
1608115523286
1608115523319
1608115523353
1608115523386
1608115523419
1608115523453
1608115523486
1608115523519
1608115523553
1608115523586
1608115523619
1608115523653
1608115523686
1608115523719
1608115523753
1608115523786
1608115523819
1608115523853
1608115523886
1608115523919
1608115523986
1608115524019
1608115524053
1608115524086
1608115524119
1608115524153
1608115524186
1608115524219
1608115524253
1608115524286
1608115524319
1608115524353
1608115524386
1608115524419
1608115524453
1608115524486
1608115524519
1608115524553
1608115524586
1608115524620
1608115524653
1608115524686
1608115524720
1608115524753
1608115524786
1608115524820
1608115524853
1608115524886
1608115524920
1608115524953
1608115524986
1608115525020
1608115525053
1608115525086
1608115525120
1608115525153
1608115525220
1608115525253
1608115525286
1608115525320
1608115525353
1608115525386
1608115525420
1608115525453
1608115525486
1608115525520
1608115525553
1608115525586
1608115525620
1608115525653
1608115525686
1608115525720
1608115525753
1608115525786
1608115525820
1608115525853
1608115525886
1608115525920
1608115525953
1608115525986
1608115526020
1608115526053
1608115526086
1608115526120
1608115526153
1608115526186
1608115526220
1608115526253
1608115526286
1608115526320
1608115526353
1608115526387
1608115526420
1608115526487
1608115526520
1608115526553
1608115526587
1608115526620
1608115526653
1608115526687
1608115526720
1608115526753
1608115526787
1608115526820
1608115526853
1608115526887
1608115526920
1608115526953
1608115526987
1608115527020
1608115527053
1608115527087
1608115527120
1608115527153
1608115527187
1608115527220
1608115527253
1608115527287
1608115527320
1608115527353
1608115527387
1608115527420
1608115527453
1608115527487
1608115527520
1608115527553
1608115527587
1608115527620
1608115527653
1608115527720
1608115527753
1608115527787
1608115527820
1608115527853
1608115527887
1608115527920
1608115527953
1608115527987
1608115528021
1608115528055
1608115528088
1608115528122
1608115528156
1608115528190
1608115528223
1608115528257
1608115528291
1608115528325
1608115528358
1608115528392
1608115528426
1608115528460
1608115528493
1608115528527
1608115528561
1608115528595
1608115528628
1608115528662
1608115528696
1608115528730
1608115528763
1608115528797
1608115528831
1608115528865
1608115528899
1608115528966
1608115529000
1608115529033
1608115529066
1608115529099
1608115529133
1608115529166
1608115529199
1608115529233
1608115529266
1608115529299
1608115529333
1608115529366
1608115529399
1608115529432
1608115529466
1608115529499
1608115529532
1608115529566
1608115529599
1608115529632
1608115529665
1608115529699
1608115529732
1608115529765
1608115529799
1608115529832
1608115529865
1608115529899
1608115529932
1608115529965
1608115529999
1608115530032
1608115530066
1608115530099
1608115530133
1608115530167
1608115530234
1608115530268
1608115530302
1608115530335
1608115530369
1608115530403
1608115530437
1608115530470
1608115530504
1608115530538
1608115530571
1608115530605
1608115530639
1608115530673
1608115530706
1608115530740
1608115530774
1608115530807
1608115530841
1608115530875
1608115530909
1608115530942
1608115530976
1608115531010
1608115531039
1608115531072
1608115531106
1608115531139
1608115531173
1608115531206
1608115531240
1608115531273
1608115531306
1608115531340
1608115531373
1608115531407
1608115531473
1608115531507
1608115531540
1608115531574
1608115531607
1608115531640
1608115531674
1608115531707
1608115531740
1608115531774
1608115531807
1608115531841
1608115531874
1608115531907
1608115531941
1608115531974
1608115532008
1608115532041
1608115532074
1608115532107
1608115532141
1608115532174
1608115532207
1608115532240
1608115532274
1608115532307
1608115532340
1608115532373
1608115532407
1608115532440
1608115532473
1608115532507
1608115532540
1608115532573
1608115532606
1608115532640
1608115532706
1608115532739
1608115532773
1608115532806
1608115532839
1608115532872
1608115532906
1608115532939
1608115532972
1608115533005
1608115533037
1608115533070
1608115533103
1608115533136
1608115533169
1608115533202
1608115533236
1608115533269
1608115533302
1608115533335
1608115533369
1608115533402
1608115533436
1608115533469
1608115533502
1608115533536
1608115533569
1608115533602
1608115533636
1608115533669
1608115533703
1608115533736
1608115533769
1608115533803
1608115533836
1608115533869
1608115533903
1608115533970
1608115534003
1608115534033
1608115534067
1608115534100
1608115534133
1608115534166
1608115534200
1608115534233
1608115534267
1608115534300
1608115534333
1608115534367
1608115534400
1608115534433
1608115534467
1608115534500
1608115534533
1608115534567
1608115534600
1608115534634
1608115534667
1608115534700
1608115534734
1608115534767
1608115534800
1608115534834
1608115534867
1608115534900
1608115534934
1608115534967
1608115535001
1608115535034
1608115535067
1608115535100
1608115535134
1608115535200
1608115535233
1608115535267
1608115535300
1608115535333
1608115535366
1608115535400
1608115535433
1608115535466
1608115535499
1608115535533
1608115535566
1608115535599
1608115535633
1608115535666
1608115535699
1608115535732
1608115535766
1608115535799
1608115535832
1608115535865
1608115535899
1608115535932
1608115535965
1608115535998
1608115536030
1608115536063
1608115536097
1608115536130
1608115536163
1608115536196
1608115536229
1608115536262
1608115536296
1608115536329
1608115536362
1608115536429
1608115536462
1608115536496
1608115536529
1608115536562
1608115536596
1608115536629
1608115536663
1608115536696
1608115536729
1608115536763
1608115536796
1608115536829
1608115536863
1608115536896
1608115536929
1608115536963
1608115536996
1608115537027
1608115537060
1608115537094
1608115537127
1608115537160
1608115537194
1608115537227
1608115537260
1608115537294
1608115537327
1608115537360
1608115537394
1608115537427
1608115537460
1608115537494
1608115537527
1608115537560
1608115537594
1608115537660
1608115537694
1608115537727
1608115537760
1608115537794
1608115537827
1608115537860
1608115537894
1608115537927
1608115537960
1608115537994
1608115538027
1608115538060
1608115538093
1608115538127
1608115538160
1608115538193
1608115538227
1608115538260
1608115538293
1608115538326
1608115538360
1608115538393
1608115538426
1608115538459
1608115538493
1608115538526
1608115538559
1608115538592
1608115538626
1608115538659
1608115538692
1608115538725
1608115538759
1608115538792
1608115538825
1608115538858
1608115538925
1608115538958
1608115538991
1608115539025
1608115539058
1608115539091
1608115539124
1608115539158
1608115539191
1608115539224
1608115539258
1608115539291
1608115539324
1608115539357
1608115539391
1608115539424
1608115539457
1608115539490
1608115539524
1608115539557
1608115539590
1608115539623
1608115539657
1608115539690
1608115539723
1608115539756
1608115539790
1608115539823
1608115539856
1608115539889
1608115539923
1608115539956
1608115539989
1608115540021
1608115540054
1608115540088
1608115540154
1608115540187
1608115540221
1608115540254
1608115540287
1608115540321
1608115540354
1608115540387
1608115540421
1608115540454
1608115540487
1608115540521
1608115540554
1608115540587
1608115540620
1608115540654
1608115540687
1608115540720
1608115540754
1608115540787
1608115540820
1608115540854
1608115540887
1608115540920
1608115540953
1608115540987
1608115541019
1608115541052
1608115541086
1608115541119
1608115541152
1608115541185
1608115541219
1608115541252
1608115541285
1608115541319
1608115541385
1608115541418
1608115541452
1608115541485
1608115541518
1608115541552
1608115541585
1608115541618
1608115541652
1608115541685
1608115541718
1608115541751
1608115541785
1608115541818
1608115541851
1608115541885
1608115541918
1608115541951
1608115541984
1608115542018
1608115542051
1608115542094
1608115542128
1608115542161
1608115542195
1608115542228
1608115542261
1608115542295
1608115542328
1608115542361
1608115542395
1608115542428
1608115542461
1608115542495
1608115542528
1608115542561
1608115542595
1608115542661
1608115542695
1608115542728
1608115542761
1608115542795
1608115542828
1608115542861
1608115542895
1608115542928
1608115542961
1608115542995
1608115543028
1608115543061
1608115543094
1608115543128
1608115543161
1608115543194
1608115543227
1608115543261
1608115543294
1608115543327
1608115543360
1608115543393
1608115543427
1608115543460
1608115543493
1608115543526
1608115543560
1608115543593
1608115543626
1608115543659
1608115543692
1608115543726
1608115543759
1608115543792
1608115543825
1608115543892
1608115543925
1608115543958
1608115543991
1608115544024
1608115544058
1608115544091
1608115544124
1608115544158
1608115544191
1608115544225
1608115544258
1608115544292
1608115544325
1608115544359
1608115544392
1608115544426
1608115544459
1608115544492
1608115544526
1608115544559
1608115544593
1608115544626
1608115544660
1608115544693
1608115544727
1608115544760
1608115544794
1608115544827
1608115544861
1608115544894
1608115544928
1608115544961
1608115544995
1608115545028
1608115545062
1608115545126
1608115545159
1608115545193
1608115545226
1608115545259
1608115545293
1608115545326
1608115545359
1608115545393
1608115545426
1608115545459
1608115545493
1608115545526
1608115545559
1608115545593
1608115545626
1608115545659
1608115545693
1608115545726
1608115545759
1608115545793
1608115545826
1608115545859
1608115545893
1608115545926
1608115545959
1608115545993
1608115546026
1608115546059
1608115546097
1608115546130
1608115546164
1608115546197
1608115546231
1608115546264
1608115546297
1608115546364
1608115546397
1608115546431
1608115546464
1608115546497
1608115546531
1608115546564
1608115546597
1608115546631
1608115546664
1608115546698
1608115546731
1608115546764
1608115546798
1608115546831
1608115546864
1608115546898
1608115546931
1608115546964
1608115546998
1608115547031
1608115547098
1608115547131
1608115547164
1608115547198
1608115547298
1608115547331
1608115547364
1608115547397
1608115547431
1608115547464
1608115547497
1608115547531
1608115547597
1608115547631
1608115547664
1608115547697
1608115547730
1608115547764
1608115547797
1608115547830
1608115547930
1608115547963
1608115547997
1608115548030
1608115548063
1608115548097
1608115548130
1608115548163
1608115548197
1608115548230
1608115548263
1608115548296
1608115548330
1608115548363
1608115548396
1608115548430
1608115548463
1608115548496
1608115548530
1608115548563
1608115548596
1608115548629
1608115548663
1608115548696
1608115548729
1608115548763
1608115548829
1608115548863
1608115548896
1608115548929
1608115548962
1608115548996
1608115549029
1608115549062
1608115549096
1608115549129
1608115549162
1608115549196
1608115549229
1608115549262
1608115549295
1608115549329
1608115549362
1608115549395
1608115549429
1608115549462
1608115549495
1608115549529
1608115549562
1608115549595
1608115549628
1608115549662
1608115549695
1608115549728
1608115549762
1608115549795
1608115549828
1608115549861
1608115549895
1608115549928
1608115549961
1608115549995
1608115550061
1608115550095
1608115550128
1608115550161
1608115550194
1608115550228
1608115550261
1608115550294
1608115550328
1608115550361
1608115550394
1608115550428
1608115550461
1608115550494
1608115550527
1608115550561
1608115550594
1608115550627
1608115550661
1608115550694
1608115550727
1608115550761
1608115550794
1608115550827
1608115550860
1608115550894
1608115550927
1608115550960
1608115550994
1608115551027
1608115551060
1608115551093
1608115551126
1608115551159
1608115551193
1608115551226
1608115551293
1608115551326
1608115551359
1608115551392
1608115551426
1608115551459
1608115551492
1608115551526
1608115551559
1608115551592
1608115551626
1608115551659
1608115551692
1608115551726
1608115551759
1608115551792
1608115551826
1608115551859
1608115551892
1608115551926
1608115551959
1608115551992
1608115552026
1608115552059
1608115552092
1608115552126
1608115552159
1608115552192
1608115552226
1608115552259
1608115552292
1608115552325
1608115552359
1608115552392
1608115552425
1608115552459
1608115552525
1608115552559
1608115552592
1608115552625
1608115552658
1608115552692
1608115552725
1608115552758
1608115552792
1608115552825
1608115552858
1608115552892
1608115552925
1608115552958
1608115552991
1608115553025
1608115553058
1608115553091
1608115553125
1608115553159
1608115553193
1608115553227
1608115553260
1608115553294
1608115553328
1608115553361
1608115553395
1608115553429
1608115553462
1608115553496
1608115553530
1608115553564
1608115553597
1608115553631
1608115553665
1608115553698
1608115553766
1608115553800
1608115553833
1608115553867
1608115553901
1608115553935
1608115553968
1608115554002
1608115554036
1608115554069
1608115554103
1608115554133
1608115554166
1608115554200
1608115554233
1608115554267
1608115554300
1608115554333
1608115554367
1608115554400
1608115554434
1608115554467
1608115554500
1608115554534
1608115554567
1608115554600
1608115554634
1608115554667
1608115554700
1608115554734
1608115554767
1608115554800
1608115554834
1608115554867
1608115554900
1608115554934
1608115555000
1608115555034
1608115555067
1608115555101
1608115555131
1608115555165
1608115555198
1608115555231
1608115555265
1608115555298
1608115555331
1608115555365
1608115555398
1608115555431
1608115555465
1608115555498
1608115555531
1608115555565
1608115555598
1608115555631
1608115555665
1608115555698
1608115555731
1608115555765
1608115555798
1608115555831
1608115555865
1608115555898
1608115555931
1608115555965
1608115555998
1608115556031
1608115556065
1608115556098
1608115556131
1608115556165
1608115556231
1608115556265
1608115556298
1608115556331
1608115556364
1608115556398
1608115556431
1608115556464
1608115556497
1608115556531
1608115556564
1608115556597
1608115556630
1608115556664
1608115556697
1608115556730
1608115556763
1608115556797
1608115556830
1608115556863
1608115556896
1608115556930
1608115556963
1608115556996
1608115557029
1608115557063
1608115557096
1608115557129
1608115557162
1608115557196
1608115557229
1608115557262
1608115557295
1608115557329
1608115557362
1608115557395
1608115557462
1608115557495
1608115557528
1608115557562
1608115557595
1608115557628
1608115557661
1608115557695
1608115557728
1608115557761
1608115557794
1608115557828
1608115557861
1608115557894
1608115557927
1608115557961
1608115557994
1608115558027
1608115558060
1608115558094
1608115558127
1608115558161
1608115558194
1608115558228
1608115558261
1608115558295
1608115558328
1608115558362
1608115558395
1608115558429
1608115558462
1608115558496
1608115558529
1608115558563
1608115558596
1608115558630
1608115558697
1608115558730
1608115558764
1608115558797
1608115558831
1608115558864
1608115558898
1608115558931
1608115558965
1608115558998
1608115559032
1608115559065
1608115559099
1608115559132
1608115559165
1608115559199
1608115559232
1608115559265
1608115559299
1608115559332
1608115559365
1608115559399
1608115559432
1608115559465
1608115559498
1608115559532
1608115559565
1608115559598
1608115559632
1608115559665
1608115559698
1608115559731
1608115559765
1608115559798
1608115559831
1608115559865
1608115559931
1608115559965
1608115559998
1608115560031
1608115560064
1608115560098
1608115560131
1608115560164
1608115560198
1608115560231
1608115560264
1608115560298
1608115560331
1608115560364
1608115560397
1608115560431
1608115560464
1608115560497
1608115560531
1608115560564
1608115560597
1608115560631
1608115560664
1608115560697
1608115560730
1608115560764
1608115560797
1608115560830
1608115560864
1608115560897
1608115560930
1608115560963
1608115560997
1608115561030
1608115561063
1608115561097
1608115561163
1608115561196
1608115561229
1608115561263
1608115561296
1608115561329
1608115561362
1608115561396
1608115561429
1608115561462
1608115561495
1608115561529
1608115561562
1608115561595
1608115561629
1608115561662
1608115561696
1608115561729
1608115561762
1608115561796
1608115561829
1608115561862
1608115561896
1608115561929
1608115561962
1608115561996
1608115562029
1608115562062
1608115562096
1608115562129
1608115562161
1608115562195
1608115562228
1608115562261
1608115562295
1608115562328
1608115562395
1608115562428
1608115562461
1608115562495
1608115562528
1608115562561
1608115562595
1608115562628
1608115562661
1608115562695
1608115562728
1608115562761
1608115562795
1608115562828
1608115562861
1608115562895
1608115562928
1608115562961
1608115562995
1608115563028
1608115563061
1608115563095
1608115563128
1608115563161
1608115563194
1608115563228
1608115563261
1608115563294
1608115563328
1608115563361
1608115563394
1608115563428
1608115563461
1608115563494
1608115563527
1608115563561
1608115563627
1608115563661
1608115563694
1608115563727
1608115563761
1608115563794
1608115563827
1608115563860
1608115563894
1608115563927
1608115563960
1608115563994
1608115564027
1608115564060
1608115564093
1608115564127
1608115564160
1608115564193
1608115564227
1608115564260
1608115564293
1608115564327
1608115564360
1608115564393
1608115564427
1608115564460
1608115564493
1608115564526
1608115564560
1608115564593
1608115564626
1608115564660
1608115564693
1608115564726
1608115564759
1608115564793
1608115564859
1608115564893
1608115564926
1608115564959
1608115564993
1608115565026
1608115565059
1608115565092
1608115565126
1608115565159
1608115565192
1608115565226
1608115565259
1608115565292
1608115565326
1608115565359
1608115565392
1608115565425
1608115565459
1608115565492
1608115565525
1608115565559
1608115565592
1608115565625
1608115565659
1608115565692
1608115565725
1608115565758
1608115565792
1608115565825
1608115565858
1608115565892
1608115565925
1608115565958
1608115565992
1608115566025
1608115566091
1608115566125
1608115566158
1608115566191
1608115566225
1608115566258
1608115566291
1608115566324
1608115566358
1608115566391
1608115566424
1608115566458
1608115566558
1608115566591
1608115566624
1608115566657
1608115566691
1608115566724
1608115566757
1608115566791
1608115566824
1608115566857
1608115566891
1608115566924
1608115566957
1608115566990
1608115567024
1608115567057
1608115567090
1608115567124
1608115567157
1608115567190
1608115567224
1608115567290
1608115567323
1608115567357
1608115567390
1608115567423
1608115567457
1608115567490
1608115567523
1608115567557
1608115567590
1608115567623
1608115567656
1608115567690
1608115567723
1608115567756
1608115567790
1608115567823
1608115567856
1608115567890
1608115567923
1608115567956
1608115567989
1608115568023
1608115568056
1608115568089
1608115568123
1608115568156
1608115568189
1608115568222
1608115568256
1608115568289
1608115568322
1608115568356
1608115568389
1608115568422
1608115568456
1608115568522
1608115568555
1608115568589
1608115568622
1608115568655
1608115568689
1608115568722
1608115568755
1608115568789
1608115568822
1608115568855
1608115568888
1608115568922
1608115568955
1608115568988
1608115569022
1608115569055
1608115569088
1608115569121
1608115569155
1608115569189
1608115569222
1608115569256
1608115569289
1608115569323
1608115569356
1608115569390
1608115569423
1608115569457
1608115569490
1608115569524
1608115569557
1608115569591
1608115569624
1608115569658
1608115569692
1608115569725
1608115569792
1608115569826
1608115569859
1608115569893
1608115569926
1608115569960
1608115569994
1608115570027
1608115570061
1608115570094
1608115570128
1608115570161
1608115570195
1608115570228
1608115570261
1608115570295
1608115570328
1608115570361
1608115570395
1608115570428
1608115570461
1608115570495
1608115570528
1608115570561
1608115570595
1608115570628
1608115570661
1608115570695
1608115570728
1608115570761
1608115570795
1608115570828
1608115570861
1608115570895
1608115570928
1608115570995
1608115571028
1608115571061
1608115571095
1608115571128
1608115571161
1608115571195
1608115571228
1608115571261
1608115571295
1608115571328
1608115571361
1608115571395
1608115571428
1608115571462
1608115571495
1608115571528
1608115571562
1608115571595
1608115571628
1608115571662
1608115571695
1608115571728
1608115571762
1608115571795
1608115571828
1608115571862
1608115571895
1608115571928
1608115571962
1608115571995
1608115572028
1608115572062
1608115572095
1608115572128
1608115572162
1608115572228
1608115572262
1608115572295
1608115572328
1608115572362
1608115572395
1608115572428
1608115572462
1608115572495
1608115572528
1608115572562
1608115572595
1608115572628
1608115572662
1608115572695
1608115572728
1608115572762
1608115572795
1608115572828
1608115572862
1608115572895
1608115572928
1608115572962
1608115572995
1608115573028
1608115573062
1608115573095
1608115573128
1608115573162
1608115573195
1608115573228
1608115573262
1608115573295
1608115573329
1608115573362
1608115573395
1608115573462
1608115573495
1608115573529
1608115573562
1608115573595
1608115573629
1608115573662
1608115573695
1608115573729
1608115573762
1608115573795
1608115573829
1608115573862
1608115573895
1608115573929
1608115573962
1608115573995
1608115574029
1608115574062
1608115574095
1608115574129
1608115574162
1608115574195
1608115574229
1608115574262
1608115574295
1608115574329
1608115574362
1608115574395
1608115574429
1608115574462
1608115574495
1608115574529
1608115574562
1608115574595
1608115574629
1608115574695
1608115574729
1608115574762
1608115574862
1608115574895
1608115574929
1608115574962
1608115574995
1608115575029
1608115575062
