1608115974214
1608115974231
1608115974247
1608115974264
1608115974281
1608115974298
1608115974314
1608115974331
1608115974348
1608115974364
1608115974381
1608115974398
1608115974415
1608115974431
1608115974448
1608115974465
1608115974482
1608115974498
1608115974515
1608115974532
1608115974548
1608115974565
1608115974582
1608115974599
1608115974615
1608115974632
1608115974649
1608115974666
1608115974682
1608115974699
1608115974716
1608115974733
1608115974749
1608115974766
1608115974783
1608115974799
1608115974816
1608115974833
1608115974850
1608115974866
1608115974883
1608115974900
1608115974917
1608115974933
1608115974950
1608115974967
1608115974984
1608115975000
1608115975017
1608115975034
1608115975051
1608115975067
1608115975084
1608115975101
1608115975118
1608115975134
1608115975151
1608115975168
1608115975185
1608115975201
1608115975218
1608115975235
1608115975252
1608115975268
1608115975285
1608115975302
1608115975319
1608115975335
1608115975352
1608115975369
1608115975385
1608115975402
1608115975419
1608115975436
1608115975452
1608115975469
1608115975486
1608115975502
1608115975519
1608115975536
1608115975553
1608115975569
1608115975586
1608115975603
1608115975619
1608115975636
1608115975653
1608115975670
1608115975686
1608115975703
1608115975720
1608115975737
1608115975753
1608115975770
1608115975787
1608115975803
1608115975820
1608115975837
1608115975854
1608115975870
1608115975887
1608115975904
1608115975921
1608115975937
1608115975954
1608115975971
1608115975987
1608115976004
1608115976021
1608115976038
1608115976054
1608115976071
1608115976088
1608115976105
1608115976121
1608115976138
1608115976155
1608115976171
1608115976188
1608115976205
1608115976222
1608115976238
1608115976255
1608115976272
1608115976289
1608115976305
1608115976322
1608115976339
1608115976355
1608115976372
1608115976389
1608115976406
1608115976422
1608115976439
1608115976456
1608115976472
1608115976489
1608115976506
1608115976523
1608115976539
1608115976556
1608115976573
1608115976589
1608115976606
1608115976623
1608115976640
1608115976656
1608115976673
1608115976690
1608115976707
1608115976723
1608115976740
1608115976757
1608115976773
1608115976790
1608115976807
1608115976824
1608115976840
1608115976857
1608115976874
1608115976890
1608115976907
1608115976924
1608115976941
1608115976957
1608115976974
1608115976991
1608115977007
1608115977024
1608115977041
1608115977058
1608115977074
1608115977091
1608115977108
1608115977125
1608115977141
1608115977158
1608115977175
1608115977191
1608115977208
1608115977225
1608115977242
1608115977258
1608115977275
1608115977292
1608115977308
1608115977325
1608115977342
1608115977359
1608115977375
1608115977392
1608115977409
1608115977425
1608115977442
1608115977459
1608115977475
1608115977492
1608115977509
1608115977526
1608115977542
1608115977559
1608115977576
1608115977592
1608115977609
1608115977626
1608115977642
1608115977659
1608115977676
1608115977693
1608115977709
1608115977726
1608115977743
1608115977759
1608115977776
1608115977793
1608115977809
1608115977826
1608115977843
1608115977859
1608115977876
1608115977893
1608115977910
1608115977926
1608115977943
1608115977960
1608115977976
1608115977993
1608115978010
1608115978026
1608115978043
1608115978060
1608115978077
1608115978093
1608115978110
1608115978127
1608115978143
1608115978160
1608115978177
1608115978193
1608115978210
1608115978227
1608115978243
1608115978260
1608115978277
1608115978294
1608115978310
1608115978327
1608115978344
1608115978360
1608115978377
1608115978394
1608115978410
1608115978427
1608115978444
1608115978461
1608115978477
1608115978494
1608115978511
1608115978527
1608115978544
1608115978561
1608115978577
1608115978594
1608115978611
1608115978627
1608115978644
1608115978661
1608115978678
1608115978694
1608115978711
1608115978728
1608115978744
1608115978761
1608115978778
1608115978794
1608115978811
1608115978828
1608115978845
1608115978878
1608115978895
1608115978911
1608115978928
1608115978945
1608115978961
1608115978978
1608115978995
1608115979012
1608115979028
1608115979045
1608115979062
1608115979078
1608115979095
1608115979112
1608115979128
1608115979145
1608115979162
1608115979178
1608115979195
1608115979212
1608115979229
1608115979245
1608115979262
1608115979279
1608115979295
1608115979312
1608115979329
1608115979345
1608115979362
1608115979379
1608115979396
1608115979412
1608115979429
1608115979462
1608115979479
1608115979496
1608115979512
1608115979529
1608115979546
1608115979562
1608115979579
1608115979596
1608115979613
1608115979629
1608115979646
1608115979663
1608115979679
1608115979696
1608115979713
1608115979729
1608115979746
1608115979763
1608115979780
1608115979796
1608115979813
1608115979830
1608115979846
1608115979863
1608115979880
1608115979896
1608115979913
1608115979930
1608115979946
1608115979963
1608115979980
1608115979997
1608115980013
1608115980030
1608115980047
1608115980063
1608115980080
1608115980097
1608115980113
1608115980130
1608115980147
1608115980164
1608115980180
1608115980197
1608115980214
1608115980230
1608115980247
1608115980264
1608115980280
1608115980297
1608115980314
1608115980330
1608115980347
1608115980364
1608115980381
1608115980397
1608115980414
1608115980431
1608115980447
1608115980464
1608115980481
1608115980497
1608115980514
1608115980531
1608115980548
1608115980564
1608115980581
1608115980598
1608115980614
1608115980631
1608115980648
1608115980664
1608115980681
1608115980698
1608115980714
1608115980731
1608115980748
1608115980765
1608115980781
1608115980798
1608115980815
1608115980831
1608115980848
1608115980865
1608115980881
1608115980898
1608115980915
1608115980931
1608115980948
1608115980965
1608115980982
1608115980998
1608115981015
1608115981032
1608115981048
1608115981065
1608115981082
1608115981098
1608115981115
1608115981132
1608115981149
1608115981165
1608115981182
1608115981199
1608115981215
1608115981232
1608115981249
1608115981265
1608115981282
1608115981299
1608115981315
1608115981332
1608115981366
1608115981382
1608115981399
1608115981416
1608115981432
1608115981449
1608115981466
1608115981482
1608115981499
1608115981516
1608115981533
1608115981549
1608115981566
1608115981583
1608115981599
1608115981616
1608115981633
1608115981649
1608115981666
1608115981683
1608115981699
1608115981716
1608115981733
1608115981750
1608115981766
1608115981783
1608115981800
1608115981816
1608115981833
1608115981850
1608115981866
1608115981883
1608115981900
1608115981917
1608115981933
1608115981950
1608115981967
1608115981983
1608115982000
1608115982017
1608115982033
1608115982050
1608115982067
1608115982083
1608115982100
1608115982117
1608115982134
1608115982150
1608115982167
1608115982184
1608115982200
1608115982217
1608115982234
1608115982250
1608115982267
1608115982284
1608115982301
1608115982317
1608115982334
1608115982351
1608115982367
1608115982384
1608115982401
1608115982417
1608115982434
1608115982451
1608115982467
1608115982484
1608115982501
1608115982518
1608115982534
1608115982551
1608115982568
1608115982584
1608115982601
1608115982618
1608115982634
1608115982651
1608115982668
1608115982685
1608115982701
1608115982718
1608115982735
1608115982751
1608115982768
1608115982785
1608115982801
1608115982818
1608115982835
1608115982851
1608115982868
1608115982885
1608115982902
1608115982918
1608115982935
1608115982952
1608115982968
1608115982985
1608115983002
1608115983018
1608115983035
1608115983052
1608115983069
1608115983085
1608115983102
1608115983119
1608115983135
1608115983152
1608115983169
1608115983185
1608115983202
1608115983219
1608115983235
1608115983252
1608115983269
1608115983286
1608115983302
1608115983319
1608115983336
1608115983352
1608115983386
1608115983402
1608115983419
1608115983436
1608115983452
1608115983469
1608115983486
1608115983503
1608115983519
1608115983536
1608115983553
1608115983569
1608115983586
1608115983603
1608115983619
1608115983636
1608115983653
1608115983670
1608115983686
1608115983703
1608115983720
1608115983736
1608115983753
1608115983770
1608115983786
1608115983803
1608115983820
1608115983837
1608115983853
1608115983870
1608115983887
1608115983903
1608115983920
1608115983937
1608115983953
1608115983970
1608115983987
1608115984003
1608115984020
1608115984037
1608115984054
1608115984070
1608115984087
1608115984104
1608115984120
1608115984137
1608115984154
1608115984170
1608115984187
1608115984204
1608115984221
1608115984237
1608115984254
1608115984271
1608115984287
1608115984304
1608115984321
1608115984337
1608115984354
1608115984371
1608115984387
1608115984404
1608115984421
1608115984438
1608115984454
1608115984471
1608115984488
1608115984504
1608115984521
1608115984538
1608115984554
1608115984571
1608115984588
1608115984621
1608115984638
1608115984655
1608115984671
1608115984688
1608115984705
1608115984721
1608115984738
1608115984755
1608115984771
1608115984788
1608115984805
1608115984822
1608115984838
1608115984855
1608115984872
1608115984888
1608115984905
1608115984922
1608115984938
1608115984955
1608115984972
1608115984989
1608115985005
1608115985022
1608115985039
1608115985055
1608115985072
1608115985089
1608115985105
1608115985122
1608115985139
1608115985155
1608115985172
1608115985189
1608115985206
1608115985222
1608115985239
1608115985256
1608115985272
1608115985289
1608115985306
1608115985322
1608115985339
1608115985356
1608115985373
1608115985389
1608115985423
1608115985439
1608115985456
1608115985473
1608115985489
1608115985506
1608115985523
1608115985539
1608115985556
1608115985573
1608115985590
1608115985606
1608115985623
1608115985640
1608115985656
1608115985673
1608115985690
1608115985706
1608115985723
1608115985740
1608115985757
1608115985773
1608115985790
1608115985807
1608115985823
1608115985840
1608115985857
1608115985873
1608115985890
1608115985907
1608115985923
1608115985940
1608115985957
1608115985974
1608115985990
1608115986007
1608115986024
1608115986040
1608115986057
1608115986074
1608115986090
1608115986107
1608115986124
1608115986141
1608115986157
1608115986174
1608115986191
1608115986207
1608115986224
1608115986241
1608115986257
1608115986274
1608115986291
1608115986307
1608115986324
1608115986341
1608115986358
1608115986374
1608115986391
1608115986408
1608115986424
1608115986441
1608115986458
1608115986474
1608115986491
1608115986508
1608115986525
1608115986541
1608115986558
1608115986575
1608115986591
1608115986608
1608115986625
1608115986641
1608115986658
1608115986675
1608115986691
1608115986708
1608115986725
1608115986742
1608115986758
1608115986775
1608115986792
1608115986808
1608115986825
1608115986842
1608115986858
1608115986875
1608115986892
1608115986909
1608115986925
1608115986942
1608115986959
1608115986975
1608115986992
1608115987009
1608115987025
1608115987042
1608115987059
1608115987076
1608115987092
1608115987109
1608115987126
1608115987142
1608115987159
1608115987176
1608115987192
1608115987209
1608115987226
1608115987242
1608115987259
1608115987276
1608115987293
1608115987309
1608115987326
1608115987343
1608115987359
1608115987376
1608115987393
1608115987409
1608115987443
1608115987460
1608115987476
1608115987493
1608115987510
1608115987526
1608115987543
1608115987560
1608115987576
1608115987593
1608115987610
1608115987626
1608115987643
1608115987660
1608115987677
1608115987693
1608115987710
1608115987727
1608115987743
1608115987760
1608115987777
1608115987793
1608115987810
1608115987827
1608115987844
1608115987860
1608115987877
1608115987894
1608115987910
1608115987927
1608115987944
1608115987960
1608115987977
1608115987994
1608115988010
1608115988027
1608115988044
1608115988061
1608115988077
1608115988094
1608115988111
1608115988127
1608115988144
1608115988161
1608115988177
1608115988194
1608115988211
1608115988228
1608115988244
1608115988261
1608115988278
1608115988294
1608115988311
1608115988328
1608115988344
1608115988361
1608115988378
1608115988395
1608115988411
1608115988428
1608115988445
1608115988461
1608115988478
1608115988495
1608115988511
1608115988528
1608115988545
1608115988561
1608115988578
1608115988595
1608115988612
1608115988628
1608115988645
1608115988662
1608115988678
1608115988695
1608115988712
1608115988728
1608115988745
1608115988762
1608115988779
1608115988795
1608115988812
1608115988829
1608115988845
1608115988862
1608115988879
1608115988895
1608115988912
1608115988929
1608115988945
1608115988962
1608115988979
1608115988996
1608115989012
1608115989029
1608115989046
1608115989062
1608115989079
1608115989096
1608115989112
1608115989129
1608115989146
1608115989163
1608115989179
1608115989196
1608115989213
1608115989229
1608115989246
1608115989263
1608115989279
1608115989296
1608115989313
1608115989329
1608115989346
1608115989363
1608115989380
1608115989396
1608115989413
1608115989430
1608115989463
1608115989480
1608115989496
1608115989513
1608115989530
1608115989547
1608115989563
1608115989580
1608115989597
1608115989613
1608115989630
1608115989647
1608115989663
1608115989680
1608115989697
1608115989713
1608115989730
1608115989747
1608115989764
1608115989780
1608115989797
1608115989814
1608115989830
1608115989847
1608115989864
1608115989880
1608115989897
1608115989914
1608115989931
1608115989947
1608115989964
1608115989981
1608115989997
1608115990014
1608115990031
1608115990047
1608115990064
1608115990081
1608115990097
1608115990114
1608115990131
1608115990148
1608115990164
1608115990181
1608115990198
1608115990214
1608115990231
1608115990248
1608115990264
1608115990281
1608115990298
1608115990315
1608115990331
1608115990348
1608115990365
1608115990381
1608115990398
1608115990415
1608115990431
1608115990448
1608115990465
1608115990481
1608115990498
1608115990515
1608115990532
1608115990548
1608115990565
1608115990582
1608115990598
1608115990615
1608115990632
1608115990648
1608115990665
1608115990682
1608115990698
1608115990715
1608115990732
1608115990749
1608115990765
1608115990782
1608115990799
1608115990815
1608115990832
1608115990849
1608115990865
1608115990882
1608115990899
1608115990932
1608115990949
1608115990966
1608115990982
1608115990999
1608115991016
1608115991032
1608115991049
1608115991066
1608115991082
1608115991099
1608115991116
1608115991133
1608115991149
1608115991166
1608115991183
1608115991199
1608115991216
1608115991233
1608115991249
1608115991266
1608115991283
1608115991300
1608115991316
1608115991333
1608115991350
1608115991367
1608115991383
1608115991400
1608115991417
1608115991434
1608115991451
1608115991468
1608115991485
1608115991501
1608115991518
1608115991535
1608115991552
1608115991569
1608115991586
1608115991603
1608115991619
1608115991636
1608115991653
1608115991670
1608115991687
1608115991704
1608115991721
1608115991737
1608115991754
1608115991771
1608115991788
1608115991805
1608115991822
1608115991839
1608115991855
1608115991872
1608115991889
1608115991906
1608115991923
1608115991940
1608115991957
1608115991973
1608115991990
1608115992007
1608115992024
1608115992041
1608115992058
1608115992075
1608115992092
1608115992108
1608115992125
1608115992142
1608115992176
1608115992193
1608115992210
1608115992227
1608115992243
1608115992260
1608115992277
1608115992294
1608115992311
1608115992328
1608115992345
1608115992361
1608115992378
1608115992395
1608115992411
1608115992428
1608115992445
1608115992461
1608115992478
1608115992495
1608115992511
1608115992528
1608115992545
1608115992562
1608115992578
1608115992595
1608115992612
1608115992628
1608115992645
1608115992662
1608115992678
1608115992695
1608115992712
1608115992728
1608115992745
1608115992762
1608115992778
1608115992795
1608115992812
1608115992828
1608115992845
1608115992862
1608115992878
1608115992895
1608115992912
1608115992928
1608115992945
1608115992962
1608115992978
1608115992995
1608115993012
1608115993029
1608115993045
1608115993062
1608115993079
1608115993095
1608115993112
1608115993129
1608115993145
1608115993162
1608115993179
1608115993195
1608115993212
1608115993229
1608115993245
1608115993262
1608115993279
1608115993295
1608115993312
1608115993329
1608115993345
1608115993362
1608115993379
1608115993395
1608115993412
1608115993429
1608115993445
1608115993462
1608115993479
1608115993495
1608115993529
1608115993546
1608115993562
1608115993579
1608115993596
1608115993629
1608115993646
1608115993662
1608115993679
1608115993696
1608115993712
1608115993729
1608115993746
1608115993762
1608115993779
1608115993796
1608115993812
1608115993829
1608115993846
1608115993862
1608115993879
1608115993896
1608115993912
1608115993929
1608115993946
1608115993963
1608115993979
1608115993996
1608115994013
1608115994029
1608115994046
1608115994063
1608115994079
1608115994096
1608115994113
1608115994129
1608115994146
1608115994163
1608115994179
1608115994196
1608115994213
1608115994229
1608115994246
1608115994263
1608115994279
1608115994296
1608115994313
1608115994329
1608115994346
1608115994363
1608115994379
1608115994396
1608115994413
1608115994429
1608115994446
1608115994463
1608115994480
1608115994496
1608115994513
1608115994546
1608115994563
1608115994580
1608115994596
1608115994613
1608115994630
1608115994646
1608115994663
1608115994680
1608115994696
1608115994713
1608115994730
1608115994746
1608115994763
1608115994780
1608115994796
1608115994813
1608115994830
1608115994846
1608115994863
1608115994880
1608115994897
1608115994913
1608115994930
1608115994947
1608115994963
1608115994980
1608115994997
1608115995013
1608115995030
1608115995047
1608115995063
1608115995080
1608115995097
1608115995113
1608115995130
1608115995147
1608115995163
1608115995180
1608115995197
1608115995213
1608115995230
1608115995247
1608115995263
1608115995280
1608115995297
1608115995313
1608115995330
1608115995347
1608115995364
1608115995380
1608115995397
1608115995414
1608115995430
1608115995447
1608115995464
1608115995480
1608115995497
1608115995514
1608115995530
1608115995547
1608115995564
1608115995580
1608115995597
1608115995614
1608115995630
1608115995647
1608115995664
1608115995680
1608115995697
1608115995714
1608115995731
1608115995747
1608115995764
1608115995781
1608115995797
1608115995814
1608115995831
1608115995847
1608115995864
1608115995881
1608115995897
1608115995914
1608115995931
1608115995947
1608115995964
1608115995981
1608115995997
1608115996014
1608115996031
1608115996047
1608115996064
1608115996081
1608115996097
1608115996114
1608115996131
1608115996147
1608115996164
1608115996181
1608115996198
1608115996214
1608115996231
1608115996248
1608115996264
1608115996281
1608115996298
1608115996314
1608115996331
1608115996348
1608115996364
1608115996381
1608115996398
1608115996414
1608115996431
1608115996448
1608115996464
1608115996481
1608115996498
1608115996514
1608115996531
1608115996564
1608115996581
1608115996598
1608115996614
1608115996631
1608115996648
1608115996665
1608115996681
1608115996698
1608115996715
1608115996731
1608115996748
1608115996765
1608115996781
1608115996798
1608115996815
1608115996831
1608115996848
1608115996865
1608115996881
1608115996898
1608115996915
1608115996931
1608115996948
1608115996965
1608115996981
1608115996998
1608115997015
1608115997031
1608115997048
1608115997065
1608115997081
1608115997098
1608115997115
1608115997131
1608115997148
1608115997165
1608115997182
1608115997198
1608115997215
1608115997232
1608115997248
1608115997265
1608115997282
1608115997298
1608115997315
1608115997332
1608115997348
1608115997365
1608115997382
1608115997398
1608115997415
1608115997432
1608115997448
1608115997465
1608115997482
1608115997498
1608115997515
1608115997532
1608115997548
1608115997565
1608115997582
1608115997598
1608115997615
1608115997632
1608115997649
1608115997665
1608115997682
1608115997699
1608115997715
1608115997732
1608115997749
1608115997765
1608115997782
1608115997799
1608115997815
1608115997832
1608115997849
1608115997865
1608115997882
1608115997899
1608115997915
1608115997932
1608115997949
1608115997965
1608115997982
1608115997999
1608115998015
1608115998032
1608115998049
1608115998065
1608115998082
1608115998099
1608115998116
1608115998132
1608115998149
1608115998166
1608115998182
1608115998199
1608115998216
1608115998232
1608115998249
1608115998282
1608115998299
1608115998316
1608115998332
1608115998349
1608115998382
1608115998399
1608115998416
1608115998432
1608115998449
1608115998482
1608115998499
1608115998516
1608115998532
1608115998549
1608115998566
1608115998583
1608115998599
1608115998616
1608115998633
1608115998649
1608115998666
1608115998683
1608115998699
1608115998716
1608115998733
1608115998749
1608115998766
1608115998783
1608115998799
1608115998816
1608115998833
1608115998849
1608115998866
1608115998883
1608115998899
1608115998916
1608115998933
1608115998949
1608115998966
1608115998983
1608115999000
1608115999016
1608115999033
1608115999050
1608115999066
1608115999083
1608115999100
1608115999116
1608115999133
1608115999150
1608115999166
1608115999183
1608115999200
1608115999216
1608115999233
1608115999250
1608115999266
1608115999283
1608115999300
1608115999316
1608115999333
1608115999350
1608115999366
1608115999383
1608115999400
1608115999416
1608115999433
1608115999450
1608115999466
1608115999483
1608115999500
1608115999517
1608115999533
1608115999550
1608115999567
1608115999600
1608115999617
1608115999633
1608115999650
1608115999667
1608115999683
1608115999700
1608115999717
1608115999733
1608115999750
1608115999767
1608115999783
1608115999800
1608115999817
1608115999833
1608115999850
1608115999867
1608115999883
1608115999900
1608115999917
1608115999934
1608115999950
1608115999967
1608115999984
1608116000000
1608116000017
1608116000034
1608116000050
1608116000067
1608116000084
1608116000100
1608116000117
1608116000134
1608116000150
1608116000167
1608116000184
1608116000200
1608116000217
1608116000234
1608116000250
1608116000267
1608116000284
1608116000300
1608116000317
1608116000334
1608116000350
1608116000367
1608116000384
1608116000401
1608116000417
1608116000434
1608116000451
1608116000467
1608116000484
1608116000501
1608116000517
1608116000534
1608116000551
1608116000567
1608116000584
1608116000601
1608116000617
1608116000634
1608116000651
1608116000667
1608116000684
1608116000701
1608116000717
1608116000734
1608116000751
1608116000767
1608116000784
1608116000801
1608116000818
1608116000834
1608116000851
1608116000868
1608116000884
1608116000901
1608116000918
1608116000934
1608116000951
1608116000968
1608116000984
1608116001001
1608116001018
1608116001034
1608116001051
1608116001068
1608116001084
1608116001101
1608116001118
1608116001134
1608116001151
1608116001168
1608116001184
1608116001201
1608116001218
1608116001234
1608116001251
1608116001268
1608116001285
1608116001301
1608116001318
1608116001335
1608116001351
1608116001368
1608116001385
1608116001401
1608116001418
1608116001435
1608116001451
1608116001468
1608116001485
1608116001501
1608116001535
1608116001551
1608116001568
1608116001585
1608116001601
1608116001618
1608116001635
1608116001651
1608116001668
1608116001685
1608116001702
1608116001718
1608116001735
1608116001752
1608116001768
1608116001785
1608116001802
1608116001818
1608116001835
1608116001852
1608116001868
1608116001885
1608116001902
1608116001918
1608116001935
1608116001952
1608116001968
1608116001985
1608116002002
1608116002018
1608116002035
1608116002052
1608116002068
1608116002085
1608116002102
1608116002135
1608116002152
1608116002169
1608116002185
1608116002202
1608116002219
1608116002235
1608116002252
1608116002269
1608116002285
1608116002302
1608116002319
1608116002335
1608116002352
1608116002369
1608116002385
1608116002402
1608116002419
1608116002435
1608116002452
1608116002469
1608116002485
1608116002502
1608116002519
1608116002535
1608116002552
1608116002569
1608116002585
1608116002602
1608116002619
1608116002636
1608116002652
1608116002669
1608116002686
1608116002702
1608116002719
1608116002736
1608116002752
1608116002769
1608116002786
1608116002802
1608116002819
1608116002836
1608116002869
1608116002886
1608116002902
1608116002919
1608116002936
1608116002952
1608116002969
1608116002986
1608116003002
1608116003019
1608116003036
1608116003053
1608116003069
1608116003086
1608116003103
1608116003119
1608116003136
1608116003153
1608116003169
1608116003186
1608116003203
1608116003219
1608116003236
1608116003253
1608116003269
1608116003286
1608116003303
1608116003319
1608116003336
1608116003353
1608116003369
1608116003386
1608116003403
1608116003419
1608116003436
1608116003453
1608116003469
1608116003486
1608116003503
1608116003520
1608116003536
1608116003553
1608116003570
1608116003586
1608116003603
1608116003636
1608116003653
1608116003670
1608116003686
1608116003703
1608116003720
1608116003736
1608116003753
1608116003770
1608116003786
1608116003803
1608116003820
1608116003836
1608116003853
1608116003870
1608116003886
1608116003903
1608116003920
1608116003937
1608116003953
1608116003970
1608116003987
1608116004020
1608116004037
1608116004053
1608116004070
1608116004087
1608116004103
1608116004120
1608116004137
1608116004153
1608116004170
1608116004187
1608116004203
1608116004220
1608116004237
1608116004253
1608116004270
1608116004287
1608116004303
1608116004320
1608116004337
1608116004353
1608116004370
1608116004387
1608116004404
1608116004420
1608116004437
1608116004454
1608116004470
1608116004487
1608116004504
1608116004520
1608116004537
1608116004554
1608116004570
1608116004587
1608116004604
1608116004620
1608116004637
1608116004654
1608116004670
1608116004687
1608116004704
1608116004720
1608116004754
1608116004770
1608116004787
1608116004804
1608116004821
1608116004837
1608116004854
1608116004871
1608116004887
1608116004904
1608116004921
1608116004937
1608116004954
1608116004971
1608116004987
1608116005004
1608116005021
1608116005037
1608116005054
1608116005071
1608116005087
1608116005104
1608116005121
1608116005137
1608116005154
1608116005171
1608116005187
1608116005204
1608116005221
1608116005237
1608116005254
1608116005271
1608116005287
1608116005304
1608116005321
1608116005338
1608116005354
1608116005371
1608116005388
1608116005404
1608116005421
1608116005438
1608116005454
1608116005471
1608116005488
1608116005504
1608116005521
1608116005538
1608116005554
1608116005571
1608116005588
1608116005604
1608116005621
1608116005638
1608116005654
1608116005671
1608116005688
1608116005721
1608116005738
1608116005755
1608116005771
1608116005788
1608116005805
1608116005821
1608116005838
1608116005855
1608116005871
1608116005888
1608116005905
1608116005921
1608116005938
1608116005955
1608116005971
1608116005988
1608116006005
1608116006021
1608116006038
1608116006055
1608116006071
1608116006088
1608116006105
1608116006121
1608116006138
1608116006155
1608116006171
1608116006188
1608116006205
1608116006222
1608116006238
1608116006255
1608116006272
1608116006288
1608116006305
1608116006322
1608116006338
1608116006355
1608116006372
1608116006388
1608116006405
1608116006422
1608116006438
1608116006455
1608116006472
1608116006488
1608116006505
1608116006522
1608116006538
1608116006555
1608116006572
1608116006588
1608116006605
1608116006622
1608116006638
1608116006655
1608116006672
1608116006689
1608116006705
1608116006722
1608116006739
1608116006755
1608116006772
1608116006789
1608116006805
1608116006822
1608116006839
1608116006855
1608116006872
1608116006889
1608116006905
1608116006922
1608116006939
1608116006955
1608116006972
1608116006989
1608116007005
1608116007022
1608116007039
1608116007055
1608116007072
1608116007089
1608116007105
1608116007122
1608116007139
1608116007156
1608116007172
1608116007189
1608116007206
1608116007222
1608116007239
1608116007256
1608116007272
1608116007289
1608116007306
1608116007322
1608116007339
1608116007356
1608116007373
1608116007389
1608116007406
1608116007423
1608116007440
1608116007456
1608116007473
1608116007490
1608116007507
1608116007523
1608116007540
1608116007557
1608116007574
1608116007607
1608116007624
1608116007641
1608116007658
1608116007674
1608116007691
1608116007708
1608116007725
1608116007758
1608116007775
1608116007792
1608116007809
1608116007825
1608116007842
1608116007859
1608116007876
1608116007893
1608116007909
1608116007926
1608116007943
1608116007960
1608116007976
1608116007993
1608116008010
1608116008027
1608116008044
1608116008060
1608116008077
1608116008111
1608116008128
1608116008144
1608116008161
1608116008178
1608116008195
1608116008211
1608116008228
1608116008245
1608116008262
1608116008279
1608116008295
1608116008312
1608116008329
1608116008346
1608116008362
1608116008379
1608116008396
1608116008412
1608116008429
1608116008446
1608116008463
1608116008479
1608116008496
1608116008513
1608116008529
1608116008546
1608116008563
1608116008579
1608116008596
1608116008613
1608116008630
1608116008646
1608116008663
1608116008680
1608116008696
1608116008713
1608116008730
1608116008746
1608116008763
1608116008780
1608116008796
1608116008813
1608116008830
1608116008847
1608116008863
1608116008880
1608116008897
1608116008913
1608116008930
1608116008947
1608116008963
1608116008980
1608116008997
1608116009014
1608116009030
1608116009047
1608116009064
1608116009080
1608116009097
1608116009114
1608116009130
1608116009147
1608116009164
1608116009180
1608116009197
1608116009231
1608116009247
1608116009264
1608116009281
1608116009297
1608116009314
1608116009331
1608116009347
1608116009364
1608116009381
1608116009398
1608116009414
1608116009431
1608116009448
1608116009464
1608116009481
1608116009498
1608116009514
1608116009531
1608116009548
1608116009564
1608116009581
1608116009598
1608116009615
1608116009631
1608116009648
1608116009665
1608116009681
1608116009698
1608116009715
1608116009731
1608116009748
1608116009765
1608116009782
1608116009798
1608116009815
1608116009832
1608116009848
1608116009865
1608116009882
1608116009898
1608116009915
1608116009932
1608116009948
1608116009965
1608116009982
1608116009999
1608116010015
1608116010032
1608116010049
1608116010065
1608116010082
1608116010099
1608116010115
1608116010132
1608116010149
1608116010166
1608116010182
1608116010199
1608116010216
1608116010232
1608116010249
1608116010266
1608116010282
1608116010299
1608116010349
1608116010366
1608116010383
1608116010399
1608116010416
1608116010433
1608116010450
1608116010466
1608116010483
1608116010500
1608116010517
1608116010533
1608116010550
1608116010567
1608116010584
1608116010600
1608116010617
1608116010634
1608116010651
1608116010667
1608116010684
1608116010701
1608116010718
1608116010734
1608116010751
1608116010768
1608116010785
1608116010801
1608116010818
1608116010835
1608116010852
1608116010868
1608116010885
1608116010902
1608116010919
1608116010935
1608116010952
1608116010969
1608116010986
1608116011002
1608116011019
1608116011036
1608116011069
1608116011086
1608116011103
1608116011120
1608116011136
1608116011153
1608116011170
1608116011187
1608116011203
1608116011220
1608116011237
1608116011254
1608116011270
1608116011287
1608116011304
1608116011321
1608116011337
1608116011354
1608116011371
1608116011388
1608116011404
1608116011421
1608116011438
1608116011455
1608116011471
1608116011488
1608116011505
1608116011521
1608116011538
1608116011555
1608116011571
1608116011588
1608116011605
1608116011621
1608116011638
1608116011655
1608116011671
1608116011688
1608116011705
1608116011722
1608116011738
1608116011755
1608116011772
1608116011788
1608116011805
1608116011822
1608116011838
1608116011872
1608116011888
1608116011905
1608116011922
1608116011939
1608116011972
1608116011989
1608116012005
1608116012022
1608116012039
1608116012055
1608116012072
1608116012089
1608116012105
1608116012122
1608116012139
1608116012156
1608116012172
1608116012189
1608116012206
1608116012222
1608116012239
1608116012256
1608116012272
1608116012289
1608116012306
1608116012322
1608116012339
1608116012356
1608116012372
1608116012389
1608116012406
1608116012423
1608116012439
1608116012456
1608116012473
1608116012489
1608116012506
1608116012523
1608116012539
1608116012556
1608116012573
1608116012589
1608116012606
1608116012623
1608116012640
1608116012656
1608116012673
1608116012690
1608116012706
1608116012723
1608116012740
1608116012756
1608116012773
1608116012790
1608116012806
1608116012823
1608116012840
1608116012856
1608116012890
1608116012907
1608116012923
1608116012940
1608116012957
1608116012973
1608116012990
1608116013007
1608116013023
1608116013040
1608116013057
1608116013073
1608116013090
1608116013107
1608116013124
1608116013140
1608116013157
1608116013174
1608116013190
1608116013207
1608116013224
1608116013240
1608116013257
1608116013274
1608116013290
1608116013307
1608116013324
1608116013340
1608116013357
1608116013374
1608116013391
1608116013407
1608116013424
1608116013441
1608116013457
1608116013474
1608116013491
1608116013507
1608116013524
1608116013541
1608116013557
1608116013574
1608116013591
1608116013608
1608116013624
1608116013641
1608116013658
1608116013674
1608116013691
1608116013708
1608116013724
1608116013741
1608116013758
1608116013774
1608116013791
1608116013808
1608116013825
1608116013841
1608116013858
1608116013875
1608116013891
1608116013908
1608116013925
1608116013941
1608116013958
1608116013975
1608116013991
1608116014008
1608116014025
1608116014041
1608116014058
1608116014075
1608116014092
1608116014108
1608116014125
1608116014142
1608116014158
1608116014175
1608116014192
1608116014208
1608116014225
1608116014242
1608116014258
1608116014275
1608116014292
1608116014309
1608116014325
1608116014342
1608116014359
1608116014375
1608116014392
1608116014409
1608116014425
1608116014442
1608116014459
1608116014476
1608116014492
1608116014509
1608116014526
1608116014542
1608116014559
1608116014593
1608116014609
1608116014626
1608116014643
1608116014659
1608116014676
1608116014693
1608116014710
1608116014726
1608116014743
1608116014760
1608116014777
1608116014793
1608116014810
1608116014827
1608116014843
1608116014860
1608116014877
1608116014894
1608116014910
1608116014927
1608116014944
1608116014961
1608116014977
1608116014994
1608116015011
1608116015027
1608116015044
1608116015061
1608116015078
1608116015094
1608116015111
1608116015128
1608116015145
1608116015161
1608116015178
1608116015195
1608116015211
1608116015228
1608116015245
1608116015262
1608116015278
