1608115974181
1608115974198
1608115974214
1608115974231
1608115974247
1608115974264
1608115974281
1608115974297
1608115974314
1608115974330
1608115974347
1608115974364
1608115974380
1608115974397
1608115974413
1608115974430
1608115974447
1608115974463
1608115974480
1608115974496
1608115974530
1608115974546
1608115974563
1608115974580
1608115974596
1608115974613
1608115974629
1608115974646
1608115974663
1608115974679
1608115974696
1608115974712
1608115974729
1608115974746
1608115974762
1608115974779
1608115974795
1608115974812
1608115974829
1608115974845
1608115974862
1608115974878
1608115974895
1608115974912
1608115974928
1608115974945
1608115974962
1608115974979
1608115974996
1608115975012
1608115975029
1608115975046
1608115975063
1608115975080
1608115975096
1608115975113
1608115975130
1608115975147
1608115975164
1608115975180
1608115975214
1608115975231
1608115975248
1608115975264
1608115975281
1608115975298
1608115975315
1608115975332
1608115975349
1608115975365
1608115975382
1608115975399
1608115975416
1608115975433
1608115975450
1608115975466
1608115975483
1608115975500
1608115975517
1608115975534
1608115975551
1608115975568
1608115975584
1608115975601
1608115975618
1608115975635
1608115975652
1608115975669
1608115975686
1608115975702
1608115975719
1608115975736
1608115975753
1608115975770
1608115975787
1608115975804
1608115975821
1608115975838
1608115975854
1608115975871
1608115975905
1608115975922
1608115975939
1608115975955
1608115975972
1608115975989
1608115976006
1608115976022
1608115976039
1608115976056
1608115976072
1608115976089
1608115976106
1608115976123
1608115976139
1608115976156
1608115976173
1608115976190
1608115976206
1608115976223
1608115976240
1608115976257
1608115976273
1608115976290
1608115976307
1608115976324
1608115976340
1608115976357
1608115976374
1608115976391
1608115976407
1608115976424
1608115976441
1608115976458
1608115976474
1608115976491
1608115976508
1608115976525
1608115976541
1608115976575
1608115976592
1608115976609
1608115976625
1608115976642
1608115976659
1608115976676
1608115976692
1608115976709
1608115976726
1608115976743
1608115976759
1608115976776
1608115976793
1608115976810
1608115976826
1608115976843
1608115976860
1608115976877
1608115976894
1608115976910
1608115976927
1608115976944
1608115976961
1608115976977
1608115976994
1608115977011
1608115977027
1608115977044
1608115977061
1608115977078
1608115977094
1608115977111
1608115977128
1608115977145
1608115977161
1608115977178
1608115977195
1608115977212
1608115977245
1608115977262
1608115977279
1608115977295
1608115977312
1608115977329
1608115977345
1608115977362
1608115977379
1608115977396
1608115977412
1608115977429
1608115977446
1608115977463
1608115977479
1608115977496
1608115977513
1608115977530
1608115977546
1608115977563
1608115977580
1608115977597
1608115977613
1608115977630
1608115977647
1608115977664
1608115977680
1608115977697
1608115977714
1608115977731
1608115977747
1608115977764
1608115977781
1608115977798
1608115977815
1608115977831
1608115977848
1608115977865
1608115977882
1608115977898
1608115977932
1608115977948
1608115977965
1608115977982
1608115977999
1608115978015
1608115978032
1608115978049
1608115978066
1608115978082
1608115978099
1608115978116
1608115978132
1608115978149
1608115978166
1608115978183
1608115978199
1608115978216
1608115978233
1608115978250
1608115978266
1608115978283
1608115978300
1608115978316
1608115978333
1608115978350
1608115978367
1608115978383
1608115978400
1608115978417
1608115978434
1608115978450
1608115978467
1608115978484
1608115978501
1608115978517
1608115978534
1608115978551
1608115978568
1608115978601
1608115978618
1608115978634
1608115978651
1608115978668
1608115978685
1608115978701
1608115978718
1608115978735
1608115978752
1608115978768
1608115978785
1608115978802
1608115978819
1608115978835
1608115978852
1608115978869
1608115978886
1608115978902
1608115978919
1608115978936
1608115978953
1608115978969
1608115978986
1608115979003
1608115979019
1608115979036
1608115979053
1608115979070
1608115979086
1608115979103
1608115979120
1608115979137
1608115979153
1608115979170
1608115979187
1608115979203
1608115979220
1608115979237
1608115979270
1608115979287
1608115979304
1608115979321
1608115979337
1608115979354
1608115979371
1608115979387
1608115979404
1608115979421
1608115979438
1608115979454
1608115979471
1608115979488
1608115979505
1608115979521
1608115979538
1608115979555
1608115979572
1608115979588
1608115979605
1608115979622
1608115979638
1608115979655
1608115979672
1608115979689
1608115979705
1608115979722
1608115979739
1608115979756
1608115979772
1608115979789
1608115979806
1608115979823
1608115979839
1608115979856
1608115979873
1608115979890
1608115979906
1608115979923
1608115979956
1608115979973
1608115979990
1608115980007
1608115980024
1608115980041
1608115980058
1608115980075
1608115980092
1608115980109
1608115980126
1608115980143
1608115980160
1608115980177
1608115980194
1608115980211
1608115980228
1608115980245
1608115980262
1608115980279
1608115980296
1608115980313
1608115980330
1608115980347
1608115980364
1608115980381
1608115980398
1608115980415
1608115980432
1608115980450
1608115980467
1608115980484
1608115980501
1608115980518
1608115980535
1608115980552
1608115980569
1608115980586
1608115980603
1608115980620
1608115980637
1608115980671
1608115980688
1608115980705
1608115980722
1608115980739
1608115980756
1608115980773
1608115980790
1608115980808
1608115980825
1608115980842
1608115980859
1608115980876
1608115980893
1608115980910
1608115980927
1608115980944
1608115980961
1608115980978
1608115980995
1608115981012
1608115981028
1608115981045
1608115981062
1608115981078
1608115981095
1608115981112
1608115981128
1608115981145
1608115981162
1608115981178
1608115981195
1608115981212
1608115981228
1608115981245
1608115981262
1608115981278
1608115981295
1608115981328
1608115981345
1608115981362
1608115981378
1608115981395
1608115981412
1608115981428
1608115981445
1608115981462
1608115981478
1608115981495
1608115981512
1608115981528
1608115981545
1608115981562
1608115981578
1608115981595
1608115981612
1608115981628
1608115981645
1608115981662
1608115981678
1608115981695
1608115981712
1608115981728
1608115981745
1608115981762
1608115981778
1608115981795
1608115981812
1608115981828
1608115981845
1608115981862
1608115981878
1608115981895
1608115981912
1608115981928
1608115981945
1608115981962
1608115981995
1608115982012
1608115982028
1608115982045
1608115982062
1608115982078
1608115982095
1608115982112
1608115982128
1608115982145
1608115982162
1608115982178
1608115982195
1608115982212
1608115982228
1608115982245
1608115982262
1608115982278
1608115982295
1608115982312
1608115982328
1608115982345
1608115982362
1608115982378
1608115982395
1608115982412
1608115982428
1608115982445
1608115982462
1608115982478
1608115982495
1608115982512
1608115982528
1608115982545
1608115982562
1608115982578
1608115982595
1608115982612
1608115982628
1608115982662
1608115982678
1608115982695
1608115982712
1608115982728
1608115982745
1608115982762
1608115982778
1608115982795
1608115982811
1608115982828
1608115982845
1608115982861
1608115982878
1608115982895
1608115982911
1608115982928
1608115982945
1608115982961
1608115982978
1608115982995
1608115983011
1608115983028
1608115983045
1608115983061
1608115983078
1608115983095
1608115983111
1608115983128
1608115983145
1608115983161
1608115983178
1608115983195
1608115983211
1608115983228
1608115983245
1608115983261
1608115983278
1608115983295
1608115983312
1608115983345
1608115983362
1608115983378
1608115983395
1608115983412
1608115983428
1608115983445
1608115983462
1608115983478
1608115983495
1608115983512
1608115983528
1608115983545
1608115983562
1608115983578
1608115983595
1608115983612
1608115983628
1608115983645
1608115983662
1608115983678
1608115983695
1608115983712
1608115983728
1608115983745
1608115983762
1608115983778
1608115983795
1608115983812
1608115983828
1608115983845
1608115983862
1608115983878
1608115983895
1608115983912
1608115983928
1608115983945
1608115983962
1608115983978
1608115984012
1608115984028
1608115984045
1608115984062
1608115984079
1608115984096
1608115984113
1608115984130
1608115984147
1608115984164
1608115984180
1608115984197
1608115984214
1608115984231
1608115984248
1608115984265
1608115984282
1608115984299
1608115984316
1608115984333
1608115984349
1608115984366
1608115984383
1608115984400
1608115984417
1608115984434
1608115984451
1608115984468
1608115984485
1608115984502
1608115984518
1608115984535
1608115984552
1608115984569
1608115984586
1608115984603
1608115984620
1608115984637
1608115984654
1608115984671
1608115984704
1608115984721
1608115984738
1608115984755
1608115984772
1608115984789
1608115984806
1608115984823
1608115984840
1608115984857
1608115984874
1608115984891
1608115984908
1608115984924
1608115984941
1608115984958
1608115984975
1608115984992
1608115985009
1608115985026
1608115985043
1608115985059
1608115985076
1608115985093
1608115985109
1608115985126
1608115985143
1608115985159
1608115985176
1608115985193
1608115985209
1608115985226
1608115985243
1608115985259
1608115985276
1608115985293
1608115985309
1608115985326
1608115985343
1608115985376
1608115985393
1608115985409
1608115985426
1608115985442
1608115985459
1608115985476
1608115985492
1608115985509
1608115985526
1608115985542
1608115985559
1608115985576
1608115985592
1608115985609
1608115985626
1608115985642
1608115985659
1608115985676
1608115985692
1608115985709
1608115985725
1608115985742
1608115985759
1608115985775
1608115985792
1608115985809
1608115985825
1608115985842
1608115985859
1608115985875
1608115985892
1608115985909
1608115985925
1608115985942
1608115985959
1608115985975
1608115985992
1608115986008
1608115986042
1608115986058
1608115986075
1608115986092
1608115986108
1608115986125
1608115986142
1608115986158
1608115986175
1608115986192
1608115986208
1608115986225
1608115986242
1608115986258
1608115986275
1608115986292
1608115986308
1608115986325
1608115986342
1608115986358
1608115986375
1608115986392
1608115986408
1608115986425
1608115986442
1608115986458
1608115986475
1608115986492
1608115986508
1608115986525
1608115986542
1608115986558
1608115986575
1608115986591
1608115986608
1608115986625
1608115986641
1608115986658
1608115986675
1608115986691
1608115986725
1608115986741
1608115986758
1608115986775
1608115986791
1608115986808
1608115986825
1608115986841
1608115986858
1608115986875
1608115986891
1608115986908
1608115986925
1608115986941
1608115986958
1608115986974
1608115986991
1608115987008
1608115987024
1608115987041
1608115987058
1608115987074
1608115987091
1608115987108
1608115987124
1608115987141
1608115987158
1608115987174
1608115987191
1608115987208
1608115987224
1608115987241
1608115987258
1608115987274
1608115987291
1608115987308
1608115987324
1608115987341
1608115987358
1608115987391
1608115987408
1608115987424
1608115987441
1608115987458
1608115987474
1608115987491
1608115987508
1608115987524
1608115987541
1608115987558
1608115987574
1608115987591
1608115987608
1608115987624
1608115987641
1608115987658
1608115987674
1608115987691
1608115987708
1608115987724
1608115987741
1608115987758
1608115987774
1608115987791
1608115987808
1608115987824
1608115987841
1608115987858
1608115987874
1608115987891
1608115987908
1608115987924
1608115987941
1608115987958
1608115987974
1608115987991
1608115988008
1608115988024
1608115988041
1608115988074
1608115988091
1608115988108
1608115988125
1608115988142
1608115988159
1608115988175
1608115988192
1608115988209
1608115988226
1608115988243
1608115988260
1608115988277
1608115988294
1608115988310
1608115988327
1608115988344
1608115988361
1608115988378
1608115988395
1608115988412
1608115988428
1608115988445
1608115988462
1608115988479
1608115988496
1608115988513
1608115988530
1608115988547
1608115988563
1608115988580
1608115988597
1608115988614
1608115988631
1608115988648
1608115988665
1608115988682
1608115988698
1608115988715
1608115988749
1608115988766
1608115988783
1608115988800
1608115988817
1608115988833
1608115988850
1608115988867
1608115988884
1608115988901
1608115988918
1608115988935
1608115988952
1608115988969
1608115988985
1608115989002
1608115989019
1608115989036
1608115989053
1608115989070
1608115989087
1608115989103
1608115989120
1608115989137
1608115989153
1608115989170
1608115989187
1608115989203
1608115989220
1608115989237
1608115989253
1608115989270
1608115989287
1608115989303
1608115989320
1608115989336
1608115989353
1608115989370
1608115989386
1608115989420
1608115989436
1608115989453
1608115989470
1608115989486
1608115989503
1608115989520
1608115989536
1608115989553
1608115989569
1608115989586
1608115989603
1608115989619
1608115989636
1608115989653
1608115989669
1608115989686
1608115989703
1608115989719
1608115989736
1608115989753
1608115989769
1608115989786
1608115989802
1608115989819
1608115989836
1608115989852
1608115989869
1608115989886
1608115989902
1608115989919
1608115989936
1608115989952
1608115989969
1608115989985
1608115990002
1608115990019
1608115990035
1608115990052
1608115990069
1608115990102
1608115990119
1608115990135
1608115990152
1608115990169
1608115990185
1608115990202
1608115990218
1608115990235
1608115990252
1608115990268
1608115990285
1608115990302
1608115990318
1608115990335
1608115990352
1608115990368
1608115990385
1608115990402
1608115990418
1608115990435
1608115990452
1608115990468
1608115990485
1608115990501
1608115990518
1608115990535
1608115990551
1608115990568
1608115990585
1608115990601
1608115990618
1608115990635
1608115990651
1608115990668
1608115990685
1608115990701
1608115990718
1608115990734
1608115990768
1608115990784
1608115990801
1608115990818
1608115990834
1608115990851
1608115990868
1608115990884
1608115990901
1608115990918
1608115990934
1608115990951
1608115990967
1608115990984
1608115991001
1608115991017
1608115991034
1608115991051
1608115991067
1608115991084
1608115991101
1608115991117
1608115991134
1608115991151
1608115991167
1608115991184
1608115991200
1608115991217
1608115991234
1608115991250
1608115991267
1608115991284
1608115991300
1608115991317
1608115991334
1608115991350
1608115991367
1608115991384
1608115991400
1608115991417
1608115991450
1608115991467
1608115991483
1608115991500
1608115991517
1608115991533
1608115991550
1608115991567
1608115991583
1608115991600
1608115991617
1608115991633
1608115991650
1608115991667
1608115991683
1608115991700
1608115991716
1608115991733
1608115991750
1608115991766
1608115991783
1608115991800
1608115991816
1608115991833
1608115991850
1608115991866
1608115991883
1608115991900
1608115991916
1608115991933
1608115991949
1608115991966
1608115991983
1608115991999
1608115992016
1608115992033
1608115992049
1608115992066
1608115992083
1608115992116
1608115992133
1608115992149
1608115992166
1608115992182
1608115992199
1608115992216
1608115992232
1608115992249
1608115992266
1608115992282
1608115992299
1608115992316
1608115992332
1608115992349
1608115992366
1608115992382
1608115992399
1608115992416
1608115992432
1608115992449
1608115992465
1608115992482
1608115992499
1608115992515
1608115992532
1608115992549
1608115992565
1608115992582
1608115992599
1608115992615
1608115992632
1608115992649
1608115992665
1608115992682
1608115992698
1608115992715
1608115992732
1608115992748
1608115992782
1608115992798
1608115992815
1608115992832
1608115992848
1608115992865
1608115992881
1608115992898
1608115992915
1608115992931
1608115992948
1608115992965
1608115992981
1608115992998
1608115993015
1608115993031
1608115993048
1608115993065
1608115993081
1608115993098
1608115993114
1608115993131
1608115993148
1608115993164
1608115993181
1608115993198
1608115993214
1608115993231
1608115993248
1608115993264
1608115993281
1608115993298
1608115993314
1608115993331
1608115993348
1608115993364
1608115993381
1608115993397
1608115993414
1608115993431
1608115993464
1608115993481
1608115993497
1608115993514
1608115993531
1608115993547
1608115993564
1608115993581
1608115993597
1608115993614
1608115993631
1608115993647
1608115993664
1608115993680
1608115993697
1608115993714
1608115993730
1608115993747
1608115993764
1608115993780
1608115993797
1608115993814
1608115993830
1608115993847
1608115993864
1608115993880
1608115993897
1608115993913
1608115993930
1608115993947
1608115993963
1608115993980
1608115993997
1608115994013
1608115994030
1608115994047
1608115994063
1608115994080
1608115994096
1608115994130
1608115994146
1608115994163
1608115994180
1608115994196
1608115994213
1608115994230
1608115994246
1608115994263
1608115994280
1608115994296
1608115994313
1608115994330
1608115994346
1608115994363
1608115994380
1608115994396
1608115994413
1608115994429
1608115994446
1608115994463
1608115994479
1608115994496
1608115994513
1608115994529
1608115994546
1608115994563
1608115994579
1608115994596
1608115994613
1608115994629
1608115994646
1608115994662
1608115994679
1608115994696
1608115994712
1608115994729
1608115994746
1608115994762
1608115994779
1608115994812
1608115994829
1608115994846
1608115994862
1608115994879
1608115994895
1608115994912
1608115994929
1608115994945
1608115994962
1608115994979
1608115994995
1608115995012
1608115995029
1608115995045
1608115995062
1608115995078
1608115995095
1608115995112
1608115995128
1608115995145
1608115995162
1608115995178
1608115995195
1608115995212
1608115995228
1608115995245
1608115995262
1608115995278
1608115995295
1608115995312
1608115995328
1608115995345
1608115995362
1608115995378
1608115995395
1608115995411
1608115995428
1608115995445
1608115995478
1608115995495
1608115995511
1608115995528
1608115995545
1608115995561
1608115995578
1608115995595
1608115995611
1608115995628
1608115995644
1608115995661
1608115995678
1608115995694
1608115995711
1608115995728
1608115995744
1608115995761
1608115995778
1608115995794
1608115995811
1608115995828
1608115995844
1608115995861
1608115995877
1608115995894
1608115995911
1608115995927
1608115995944
1608115995961
1608115995977
1608115995994
1608115996011
1608115996027
1608115996044
1608115996060
1608115996077
1608115996094
1608115996111
1608115996127
1608115996161
1608115996178
1608115996194
1608115996211
1608115996228
1608115996245
1608115996262
1608115996278
1608115996295
1608115996312
1608115996329
1608115996345
1608115996362
1608115996379
1608115996396
1608115996412
1608115996429
1608115996446
1608115996463
1608115996479
1608115996496
1608115996513
1608115996530
1608115996547
1608115996563
1608115996580
1608115996597
1608115996614
1608115996630
1608115996647
1608115996664
1608115996681
1608115996697
1608115996714
1608115996731
1608115996748
1608115996765
1608115996781
1608115996798
1608115996832
1608115996848
1608115996865
1608115996882
1608115996899
1608115996916
1608115996932
1608115996949
1608115996966
1608115996983
1608115996999
1608115997016
1608115997033
1608115997050
1608115997067
1608115997083
1608115997100
1608115997117
1608115997133
1608115997150
1608115997167
1608115997183
1608115997200
1608115997217
1608115997233
1608115997250
1608115997267
1608115997283
1608115997300
1608115997317
1608115997333
1608115997350
1608115997367
1608115997383
1608115997400
1608115997417
1608115997433
1608115997450
1608115997467
1608115997500
1608115997517
1608115997533
1608115997550
1608115997567
1608115997583
1608115997600
1608115997617
1608115997633
1608115997650
1608115997667
1608115997683
1608115997700
1608115997717
1608115997733
1608115997750
1608115997767
1608115997783
1608115997800
1608115997817
1608115997833
1608115997850
1608115997867
1608115997883
1608115997900
1608115997917
1608115997933
1608115997950
1608115997967
1608115997983
1608115998000
1608115998016
1608115998033
1608115998050
1608115998066
1608115998083
1608115998100
1608115998116
1608115998133
1608115998150
1608115998183
1608115998200
1608115998216
1608115998233
1608115998250
1608115998266
1608115998283
1608115998300
1608115998316
1608115998333
1608115998350
1608115998366
1608115998383
1608115998400
1608115998416
1608115998433
1608115998450
1608115998466
1608115998483
1608115998500
1608115998516
1608115998533
1608115998550
1608115998566
1608115998583
1608115998600
1608115998616
1608115998633
1608115998650
1608115998666
1608115998683
1608115998700
1608115998716
1608115998733
1608115998750
1608115998766
1608115998783
1608115998800
1608115998816
1608115998850
1608115998866
1608115998883
1608115998900
1608115998916
1608115998933
1608115998950
1608115998966
1608115998983
1608115999000
1608115999016
1608115999033
1608115999050
1608115999066
1608115999083
1608115999100
1608115999116
1608115999133
1608115999150
1608115999166
1608115999183
1608115999200
1608115999216
1608115999233
1608115999250
1608115999266
1608115999283
1608115999300
1608115999316
1608115999333
1608115999350
1608115999366
1608115999383
1608115999400
1608115999416
1608115999433
1608115999450
1608115999466
1608115999483
1608115999500
1608115999533
1608115999550
1608115999566
1608115999583
1608115999600
1608115999616
1608115999633
1608115999650
1608115999666
1608115999683
1608115999700
1608115999716
1608115999733
1608115999750
1608115999766
1608115999783
1608115999800
1608115999816
1608115999833
1608115999850
1608115999866
1608115999883
1608115999900
1608115999916
1608115999933
1608115999950
1608115999966
1608115999983
1608116000000
1608116000016
1608116000033
1608116000050
1608116000066
1608116000083
1608116000100
1608116000117
1608116000133
1608116000150
1608116000167
1608116000201
1608116000217
1608116000234
1608116000251
1608116000268
1608116000284
1608116000301
1608116000318
1608116000335
1608116000352
1608116000368
1608116000385
1608116000402
1608116000419
1608116000435
1608116000452
1608116000469
1608116000486
1608116000503
1608116000519
1608116000536
1608116000553
1608116000570
1608116000587
1608116000603
1608116000620
1608116000637
1608116000654
1608116000671
1608116000687
1608116000704
1608116000721
1608116000738
1608116000755
1608116000771
1608116000788
1608116000805
1608116000822
1608116000838
1608116000855
1608116000889
1608116000906
1608116000922
1608116000939
1608116000956
1608116000973
1608116000990
1608116001007
1608116001023
1608116001040
1608116001057
1608116001074
1608116001090
1608116001107
1608116001124
1608116001140
1608116001157
1608116001174
1608116001190
1608116001207
1608116001224
1608116001241
1608116001257
1608116001274
1608116001291
1608116001307
1608116001324
1608116001341
1608116001357
1608116001374
1608116001391
1608116001407
1608116001424
1608116001441
1608116001457
1608116001474
1608116001491
1608116001507
1608116001524
1608116001558
1608116001574
1608116001591
1608116001608
1608116001624
1608116001641
1608116001658
1608116001674
1608116001691
1608116001708
1608116001724
1608116001741
1608116001758
1608116001774
1608116001791
1608116001808
1608116001825
1608116001841
1608116001858
1608116001875
1608116001891
1608116001908
1608116001925
1608116001941
1608116001958
1608116001975
1608116001991
1608116002008
1608116002025
1608116002041
1608116002058
1608116002075
1608116002091
1608116002108
1608116002158
1608116002208
1608116002225
1608116002242
1608116002258
1608116002275
1608116002292
1608116002308
1608116002325
1608116002342
1608116002358
1608116002375
1608116002392
1608116002409
1608116002425
1608116002442
1608116002459
1608116002475
1608116002492
1608116002509
1608116002525
1608116002542
1608116002559
1608116002575
1608116002592
1608116002609
1608116002625
1608116002642
1608116002659
1608116002676
1608116002692
1608116002709
1608116002726
1608116002742
1608116002759
1608116002776
1608116002792
1608116002809
1608116002826
1608116002842
1608116002859
1608116002876
1608116002909
1608116002926
1608116002942
1608116002959
1608116002976
1608116002993
1608116003009
1608116003026
1608116003043
1608116003059
1608116003076
1608116003093
1608116003109
1608116003126
1608116003143
1608116003159
1608116003176
1608116003193
1608116003209
1608116003226
1608116003243
1608116003260
1608116003276
1608116003293
1608116003310
1608116003326
1608116003343
1608116003360
1608116003376
1608116003393
1608116003410
1608116003426
1608116003443
1608116003460
1608116003476
1608116003493
1608116003510
1608116003526
1608116003543
1608116003577
1608116003593
1608116003610
1608116003627
1608116003643
1608116003660
1608116003677
1608116003693
1608116003710
1608116003727
1608116003743
1608116003760
1608116003777
1608116003793
1608116003810
1608116003827
1608116003844
1608116003860
1608116003877
1608116003894
1608116003910
1608116003927
1608116003944
1608116003960
1608116003977
1608116003994
1608116004010
1608116004027
1608116004044
1608116004060
1608116004077
1608116004094
1608116004110
1608116004127
1608116004144
1608116004161
1608116004178
1608116004195
1608116004212
1608116004229
1608116004263
1608116004280
1608116004297
1608116004314
1608116004331
1608116004348
1608116004365
1608116004382
1608116004399
1608116004416
1608116004433
1608116004450
1608116004467
1608116004484
1608116004501
1608116004518
1608116004535
1608116004552
1608116004569
1608116004620
1608116004637
1608116004654
1608116004671
1608116004688
1608116004705
1608116004723
1608116004740
1608116004774
1608116004791
1608116004808
1608116004825
1608116004876
1608116004893
1608116004910
1608116004927
1608116004961
1608116004978
1608116004995
1608116005012
1608116005029
1608116005046
1608116005063
1608116005080
1608116005097
1608116005115
1608116005132
1608116005148
1608116005165
1608116005182
1608116005198
1608116005215
1608116005232
1608116005248
1608116005265
1608116005282
1608116005298
1608116005315
1608116005332
1608116005349
1608116005365
1608116005382
1608116005399
1608116005415
1608116005432
1608116005449
1608116005465
1608116005482
1608116005499
1608116005515
1608116005532
1608116005549
1608116005566
1608116005582
1608116005599
1608116005616
1608116005632
1608116005649
1608116005666
1608116005716
1608116005732
1608116005749
1608116005766
1608116005782
1608116005799
1608116005816
1608116005833
1608116005849
1608116005866
1608116005883
1608116005899
1608116005916
1608116005933
1608116005949
1608116005966
1608116005983
1608116005999
1608116006016
1608116006033
1608116006049
1608116006066
1608116006083
1608116006100
1608116006116
1608116006133
1608116006150
1608116006166
1608116006183
1608116006200
1608116006216
1608116006233
1608116006250
1608116006266
1608116006300
1608116006316
1608116006333
1608116006350
1608116006367
1608116006383
1608116006400
1608116006417
1608116006433
1608116006450
1608116006467
1608116006483
1608116006500
1608116006517
1608116006533
1608116006550
1608116006567
1608116006583
1608116006600
1608116006617
1608116006633
1608116006650
1608116006667
1608116006684
1608116006700
1608116006717
1608116006734
1608116006750
1608116006767
1608116006784
1608116006800
1608116006817
1608116006834
1608116006850
1608116006867
1608116006884
1608116006900
1608116006917
1608116006934
1608116006967
1608116006984
1608116007001
1608116007017
1608116007034
1608116007051
1608116007067
1608116007084
1608116007101
1608116007117
1608116007134
1608116007151
1608116007167
1608116007184
1608116007201
1608116007217
1608116007234
1608116007251
1608116007267
1608116007284
1608116007301
1608116007318
1608116007334
1608116007351
1608116007368
1608116007384
1608116007401
1608116007418
1608116007434
1608116007451
1608116007468
1608116007484
1608116007501
1608116007518
1608116007534
1608116007551
1608116007568
1608116007585
1608116007601
1608116007635
1608116007651
1608116007668
1608116007685
1608116007701
1608116007718
1608116007735
1608116007751
1608116007768
1608116007785
1608116007801
1608116007818
1608116007835
1608116007851
1608116007868
1608116007885
1608116007902
1608116007918
1608116007935
1608116007952
1608116007968
1608116007985
1608116008002
1608116008018
1608116008035
1608116008052
1608116008068
1608116008085
1608116008102
1608116008118
1608116008135
1608116008152
1608116008169
1608116008185
1608116008202
1608116008219
1608116008236
1608116008253
1608116008270
1608116008287
1608116008320
1608116008337
1608116008354
1608116008371
1608116008388
1608116008405
1608116008422
1608116008439
1608116008455
1608116008472
1608116008489
1608116008506
1608116008523
1608116008540
1608116008557
1608116008574
1608116008591
1608116008607
1608116008624
1608116008641
1608116008658
1608116008675
1608116008692
1608116008709
1608116008726
1608116008743
1608116008759
1608116008776
1608116008793
1608116008810
1608116008827
1608116008844
1608116008861
1608116008878
1608116008895
1608116008912
1608116008928
1608116008945
1608116008962
1608116008979
1608116008996
1608116009013
1608116009030
1608116009047
1608116009064
1608116009081
1608116009098
1608116009114
1608116009131
1608116009148
1608116009165
1608116009182
1608116009199
1608116009216
1608116009232
1608116009249
1608116009266
1608116009282
1608116009299
1608116009316
1608116009332
1608116009349
1608116009366
1608116009382
1608116009399
1608116009416
1608116009432
1608116009449
1608116009466
1608116009482
1608116009499
1608116009516
1608116009532
1608116009549
1608116009566
1608116009582
1608116009599
1608116009616
1608116009632
1608116009649
1608116009682
1608116009699
1608116009716
1608116009732
1608116009749
1608116009766
1608116009782
1608116009799
1608116009816
1608116009832
1608116009849
1608116009866
1608116009882
1608116009899
1608116009916
1608116009932
1608116009949
1608116009966
1608116009982
1608116009999
1608116010016
1608116010032
1608116010049
1608116010066
1608116010082
1608116010099
1608116010116
1608116010132
1608116010149
1608116010165
1608116010182
1608116010199
1608116010215
1608116010232
1608116010249
1608116010265
1608116010282
1608116010299
1608116010315
1608116010349
1608116010399
1608116010415
1608116010432
1608116010449
1608116010465
1608116010482
1608116010499
1608116010515
1608116010532
1608116010549
1608116010565
1608116010582
1608116010599
1608116010615
1608116010632
1608116010649
1608116010665
1608116010682
1608116010699
1608116010715
1608116010732
1608116010749
1608116010765
1608116010782
1608116010799
1608116010815
1608116010832
1608116010849
1608116010865
1608116010882
1608116010899
1608116010915
1608116010932
1608116010949
1608116010965
1608116010982
1608116011015
1608116011032
1608116011049
1608116011065
1608116011082
1608116011099
1608116011115
1608116011132
1608116011149
1608116011165
1608116011182
1608116011199
1608116011215
1608116011232
1608116011249
1608116011265
1608116011282
1608116011299
1608116011315
1608116011332
1608116011349
1608116011365
1608116011382
1608116011399
1608116011415
1608116011432
1608116011449
1608116011465
1608116011482
1608116011499
1608116011515
1608116011532
1608116011549
1608116011565
1608116011582
1608116011599
1608116011615
1608116011632
1608116011649
1608116011665
1608116011699
1608116011715
1608116011732
1608116011749
1608116011765
1608116011782
1608116011799
1608116011815
1608116011832
1608116011849
1608116011865
1608116011882
1608116011899
1608116011915
1608116011932
1608116011949
1608116011965
1608116011982
1608116011999
1608116012015
1608116012032
1608116012049
1608116012065
1608116012082
1608116012099
1608116012115
1608116012132
1608116012149
1608116012165
1608116012182
1608116012199
1608116012215
1608116012232
1608116012249
1608116012265
1608116012282
1608116012299
1608116012315
1608116012332
1608116012365
1608116012382
1608116012399
1608116012415
1608116012432
1608116012449
1608116012465
1608116012482
1608116012499
1608116012515
1608116012532
1608116012549
1608116012565
1608116012582
1608116012599
1608116012615
1608116012632
1608116012649
1608116012665
1608116012682
1608116012699
1608116012715
1608116012732
1608116012749
1608116012765
1608116012782
1608116012799
1608116012815
1608116012832
1608116012849
1608116012865
1608116012882
1608116012899
1608116012915
1608116012932
1608116012948
1608116012965
1608116012982
1608116013015
1608116013032
1608116013048
1608116013065
1608116013082
1608116013098
1608116013115
1608116013132
1608116013148
1608116013165
1608116013182
1608116013198
1608116013215
1608116013232
1608116013248
1608116013265
1608116013282
1608116013298
1608116013315
1608116013332
1608116013348
1608116013365
1608116013382
1608116013398
1608116013415
1608116013432
1608116013448
1608116013465
1608116013482
1608116013498
1608116013515
1608116013532
1608116013548
1608116013565
1608116013582
1608116013598
1608116013615
1608116013632
1608116013648
1608116013682
1608116013698
1608116013715
1608116013732
1608116013748
1608116013765
1608116013782
1608116013798
1608116013815
1608116013832
1608116013848
1608116013865
1608116013882
1608116013898
1608116013915
1608116013932
1608116013948
1608116013965
1608116013982
1608116013998
1608116014015
1608116014032
1608116014048
1608116014065
1608116014082
1608116014098
1608116014115
1608116014132
1608116014148
1608116014165
1608116014182
1608116014198
1608116014215
1608116014232
1608116014248
1608116014265
1608116014282
1608116014298
1608116014315
1608116014348
1608116014365
1608116014382
1608116014398
1608116014415
1608116014432
1608116014448
1608116014465
1608116014482
1608116014498
1608116014515
1608116014532
1608116014548
1608116014565
1608116014582
1608116014598
1608116014615
1608116014632
1608116014648
1608116014665
1608116014682
1608116014698
1608116014715
1608116014732
1608116014748
1608116014765
1608116014782
1608116014798
1608116014815
1608116014832
1608116014848
1608116014865
1608116014882
1608116014898
1608116014915
1608116014932
1608116014948
1608116014965
1608116014981
1608116015015
1608116015031
1608116015048
1608116015065
1608116015081
1608116015098
1608116015115
1608116015131
1608116015148
1608116015165
1608116015181
1608116015198
1608116015215
1608116015232
1608116015248
1608116015265
1608116015282
1608116015298
